,per_it_avg_total_length,per_it_avg_max_path_length,per_it_avg_fitness,per_it_best_fitness
0,60417.358713271016,6505.491479912117,392912131.5745296,329607668.9563412
1,59270.043054812806,5601.585829518523,332015580.21179694,325642337.86882097
2,59641.19269507588,6188.493425694348,374339081.4539901,322012273.7789019
3,58334.47045111974,5449.204474634751,317880051.04595983,288903667.0310639
4,58190.64908490666,5084.714375263461,295942857.51138,284627067.09199905
5,57398.029327148004,5040.777348694478,289423879.3454554,279414617.6184726
6,58050.13145218718,5708.390472342462,338875261.9788291,279414617.6184726
7,56534.3073104146,4974.930917930166,281254078.86337596,276197453.7933848
8,56975.74990412172,5695.072639833554,331746874.7277285,270707956.554032
9,55852.184483963705,5636.7820375133215,321929482.9534438,244407988.8585183
10,55785.10288564407,5340.363273337718,305422626.9974227,239801790.55845335
11,53880.042064805886,4582.835317478423,246924755.53188735,239801790.55845335
12,53556.15293815142,4539.918901074694,243170590.28690004,239171582.84326515
13,54380.21203090755,5390.3927172822105,300464302.43938506,236984398.0412382
14,53039.625437342256,4521.638978168377,239836357.75354284,235175879.1882392
15,52601.53828916418,4540.101935501499,238883345.90960604,219671778.96315524
16,52554.78122851769,4481.024277198451,235584381.349883,219671778.96315524
17,52298.76243774827,4340.166795975694,227069116.95404845,209601124.1936018
18,51881.58589840516,4151.2600093521005,215405033.13010678,207851178.476015
19,51433.1322496638,4137.3694801971305,212812810.03473482,207851178.476015
20,52500.82858571643,4885.737172794981,264734347.0469039,205975460.71523234
21,51002.49219111692,4122.061658940402,210252755.641709,204900210.31803328
22,50976.22914039319,4148.975707797397,211511816.8937164,204376668.61259252
23,50720.168980291965,4083.001492837832,207101994.91439426,202608390.69325247
24,50436.32899636301,4087.550431521954,206184971.91852823,202526263.55795637
25,51661.94423655575,5137.767726506832,273366483.8545376,202526263.55795637
26,50495.835080525394,4169.185918052646,210519732.68271804,201081555.10942233
27,50117.24288164468,4069.6201364678905,203958125.58156043,201081555.10942233
28,50438.10433656582,4109.394227717125,207272587.2782418,200714263.54046106
29,51969.245825096805,5733.594536905504,312041806.5678256,198692791.92116183
30,49452.99752701692,4063.256469683114,200939768.71439153,198571252.01845375
31,50272.53426300816,4905.557475063634,253856720.22700104,197729636.7998087
32,49601.1177977989,4093.823207526069,203087332.51416785,196559910.85882348
33,48798.91169617224,4049.5874513677472,197615460.4452219,196068362.29952884
34,48953.83669395035,4049.5874513677472,198242842.7721273,196068362.29952884
35,49120.99568769689,4058.187223994276,199347372.4339451,196068362.29952884
36,48969.60885843256,4031.7517264771436,197455130.13042757,183415539.3724109
37,49378.49802849758,3850.6483686479064,190327025.96442276,183415539.3724109
38,49184.58654127244,3788.2565953892654,186323834.35646945,183415539.3724109
39,48811.81688618424,3788.2565953892654,184911687.2520206,183338968.83480555
40,48757.3187043121,3795.1865615132,185048236.3654402,183338968.83480555
41,50627.184976089826,4671.59890730646,244973570.06851807,183338968.83480555
42,48875.584709471506,3788.2565953892654,185153256.12916216,183338968.83480555
43,48933.84728941633,3770.9630507261695,184535230.80019215,175234777.75830165
44,49261.64832372122,3636.1782348316256,179132778.39410707,175234777.75830165
45,48949.74953027246,3651.4492035788244,178736535.43881363,171391161.1294484
46,49418.921622020636,3616.7747634195985,178736235.48436895,171382619.4722146
47,49304.54235508672,3537.0535377973815,174407518.70737433,171270849.39999583
48,49393.966562943504,3584.770981349091,177143731.3684886,168450412.77399284
49,49065.30777537172,3555.971556251291,174487119.8166476,168450412.77399284
50,49084.547164557225,3475.912371802183,170618900.4801119,168450412.77399284
51,49234.673644259325,3463.2473576197763,170511853.40175313,166753506.35136688
52,48486.187387779995,3463.2473576197763,167919660.3517864,166753506.35136688
53,48946.84265747567,3543.637399738372,173479929.89034432,166566188.7665623
54,48877.78182202058,3631.2928084755176,177724777.56991774,165510531.21850336
55,49539.770519372614,4366.06661692054,224972940.7383623,165510531.21850336
56,48546.95059916421,3597.1455174039356,174733573.34469885,165510531.21850336
57,48167.566165256096,3463.2473576197763,166816196.24479896,165510531.21850336
58,48584.94982463941,3523.5812737643764,171242769.93692327,165510531.21850336
59,48295.33020036685,3482.3985048105924,168183261.16368562,164758164.679358
60,48183.12013784538,3489.411301376539,168138243.61417913,164454837.6806377
61,48104.942344619354,3506.5741960864752,168706905.97424096,164454837.6806377
62,48132.32475127962,3589.373439988417,172833116.75844827,164454837.6806377
63,48266.58593017637,3490.192753786855,168477125.20885542,164454837.6806377
64,47757.90009598268,3470.2779702311973,165730285.59358782,164040071.120877
65,47925.899423741284,3543.3691302034376,169864118.17023027,164040071.120877
66,48072.40367786454,3486.245967004071,167590789.8327267,164040071.120877
67,47855.39564431567,3463.2473576197763,165735072.51302522,164040071.120877
68,48198.78492487851,3614.2643911281643,174275086.38596827,164040071.120877
69,48080.67983655199,3462.5344591598396,166480662.51265413,164040071.120877
70,47839.25971412927,3463.2473576197763,165679189.79544443,163926736.77949867
71,47789.31666048224,3522.126553462572,168357080.2368769,163926736.77949867
72,47938.218152833826,3540.0493196373923,169762165.36997548,163926736.77949867
73,47952.55486774088,3477.466835057375,166760604.32170826,163926736.77949867
74,48471.007042482284,3600.2115718273103,174554387.04520053,163926736.77949867
75,48206.1232696007,3542.2500072300027,170803573.69697243,163926736.77949867
76,47806.569116011975,3500.1720221850214,167324829.57201573,163926736.77949864
77,48021.90700436245,3462.8092679548254,166286640.05279046,163185479.1088071
78,47759.14227366244,3480.459173622736,166237700.2624278,163185479.1088071
79,47780.45195523199,3503.088061766934,167390128.7026558,163185479.1088071
80,47568.3655867387,3456.669858910257,164436059.54862094,145352725.2556182
81,48310.13709521828,3122.327631189301,150869142.5798437,145293013.8340544
82,48575.910019844814,3312.190921145137,161012360.11621657,145293013.8340544
83,48415.42765894096,3167.3890461279975,153423608.5910965,145293013.8340544
84,48419.958835194404,3134.4329025552024,151848072.38193122,144179642.16595492
85,47811.198099259105,3064.772132931455,146549625.17904532,144179642.16595492
86,48190.94873813844,3335.979416293744,160815956.24925193,144179642.16595492
87,47803.52636092961,3177.8093959310595,151945927.35069874,144179642.16595492
88,47846.63793967911,3176.8857604734244,152094586.7846548,142920080.17642915
89,47675.02071990589,3117.0803307161787,148685729.84482026,141125658.23764798
90,47822.28013991036,3276.8107137146167,156872315.99170533,141125658.23764798
91,48340.80842071334,3144.023047225938,152002052.2368188,141125658.23764798
92,47385.653616480246,3091.8711191788516,146575370.82758242,140776143.3215974
93,47901.091699393444,3302.7849735565446,158720438.808986,139728555.97892746
94,47400.905422844146,3178.1602460279178,150704437.72377437,139728555.97892746
95,47341.741524141806,3079.2368137787844,145808808.47640154,139728555.97892746
96,47323.978084773575,3234.950213283351,153190401.40392295,139728555.97892746
97,47166.65404018453,3184.572938510992,150358510.47823244,139728555.97892746
98,46918.7281301865,3105.091833957891,145738219.9171242,139728555.97892743
99,47407.157629957146,3108.8070320651887,147426213.39794114,139728555.97892743
100,47386.34748653641,3081.571134287501,146045314.97318378,139491377.48202497
101,47163.67836855647,3070.823592627565,144871892.99284965,139491377.48202497
102,47369.34647652867,3143.869476742192,149006033.30297127,137585776.49517575
103,49236.57941839044,4074.350285607799,209899604.20550418,137585776.49517575
104,48043.435138823574,3030.673567461164,145641928.35825717,137585776.49517575
105,47848.325889943844,2990.681698997321,143137641.01316524,137585776.49517575
106,48044.9856170527,3028.0112703676036,145575249.92722818,136599458.77097523
107,47654.27745980112,2994.161553862531,142708039.37405378,136599458.77097523
108,47929.18405427209,3050.509332679557,146239823.99248058,136599458.77097523
109,47986.18409251441,2922.066066743531,140232630.73648143,136599458.77097523
110,47408.97134967275,2981.370270148461,141327634.54874486,136599458.77097523
111,47355.9602086148,3017.687607082151,142983387.42382792,136054493.9668025
112,47461.282744229706,2918.160051300306,138505801.3787039,135215875.8747779
113,47092.147484687564,2923.337370607337,137676132.09901413,134788980.91475788
114,47341.40685173022,3262.1973084239803,154567327.86591247,134788980.91475788
115,47297.98423679523,3124.119199804146,148014066.99875203,134597107.66121
116,46944.4727463235,3020.1730712331564,141804881.824159,134016942.85108356
117,46975.376866538376,3005.6389749554255,141204057.45324323,134016942.85108356
118,46861.4640466142,3051.862771895826,143077712.41783854,134016942.85108356
119,46805.72054838753,2992.204007036474,140149332.0928556,134016942.85108356
120,46823.14704332552,3094.4337809163644,145081742.58342442,134016303.17672527
121,46782.068216950145,3021.6861592861865,141382803.75435343,133143206.76408227
122,47989.23861619945,4122.325071310581,206874835.90313777,133019201.52753843
123,47504.0135524998,3926.4270567801955,195536771.09181982,133019201.52753843
124,46444.25731816416,2941.182227610962,136597638.5181992,133019201.52753843
125,46196.599903129696,2959.3875230711583,136705672.3506878,133019201.52753843
126,46828.779908438,3065.66776078553,143617576.52989566,133019201.52753843
127,46596.62902005826,3112.751963134972,145170225.26654497,133019201.52753843
128,46875.113413310915,2997.568204179112,140559908.1441372,133019201.52753843
129,46671.33264509785,3079.9209071985797,143760651.45836392,133019201.52753843
130,46997.87445303242,3019.8602347444867,142020221.34962535,133019201.52753843
131,47807.71659131152,4036.3709540030954,201226768.79434356,133019201.52753843
132,46503.11568978751,3041.9489832331305,141529282.21628842,133019201.52753843
133,46237.28770159035,2906.357765568632,134382100.17034817,133019201.52753843
134,47438.57155000311,3883.6983615558734,193509596.745053,132671129.36075936
135,46333.06115041785,3037.8717911600506,140807956.12738222,132671129.36075936
136,47573.996628453875,3854.5068076656826,191506831.38894406,132671129.36075936
137,46222.87240854575,2962.382952373956,136948563.00765437,131036978.12052664
138,47259.095865406955,3107.661286627569,147014387.03583592,131036978.12052664
139,46626.90571152662,2931.078103978117,136709478.67659876,131036978.12052664
140,46736.53739948112,3044.9447442617866,142437303.5882392,131036978.12052664
141,46896.767288856885,2873.57819921575,134774725.84172535,131036978.12052664
142,46669.98709251417,2976.1991169456915,138916762.62264544,131036978.12052664
143,46591.79108551339,3137.57904853285,146313317.21035466,131036978.12052664
144,46996.66011629226,3121.92583510098,146952741.97768524,131036978.12052664
145,46889.905439076145,2916.913824464526,136847601.44121552,131036978.12052664
146,46532.61180044166,3205.474613186685,149414737.25978503,131036978.12052664
147,46575.51695117436,2930.980692987722,136540747.86696124,130977684.71569777
148,46359.1062257923,2935.8572907400558,136143667.02770096,130977684.71569777
149,46900.59129651555,3297.789400722721,154880146.20865983,130977684.71569777
150,46637.63623836241,2979.744616204868,139036636.5443997,130977684.71569777
151,46826.81374538603,3168.238872856923,148550069.36972472,130977684.71569777
152,46880.80133967351,2968.600187151559,139188644.06241354,130977684.71569777
153,46180.98683389808,2986.899953483725,137981301.06376067,130977684.71569777
154,46972.66516252288,3071.379082898327,144410516.68102366,130977684.71569777
155,46662.01364841689,2934.193435735508,136929369.09145412,130969431.65278137
156,47022.595836628854,3127.812239606107,147233107.9779583,130969431.65278137
157,46606.77415256853,3036.8466495569237,141621582.09873968,130969431.65278137
158,46404.225332729504,2859.497756559298,132692107.49477585,130969431.65278137
159,46755.676835110906,3050.924771682429,142841953.05550545,130969431.65278137
160,46950.77628187302,2950.430636721264,138692250.1445284,130969431.65278137
161,46588.98946529984,2983.4076618431022,139071856.90607184,130969431.65278137
162,46737.18101621904,2945.5610366339884,137782789.31624228,130969431.65278137
163,46506.7914265486,3012.7877136669313,140243057.46593422,130969431.65278137
164,46819.85940075896,3056.088453282481,143183643.03561068,130962132.28725544
165,46767.676356652344,2973.4701485977043,139109803.94617507,130962132.28725544
166,46866.23903785286,3063.625788404353,143620005.32905287,130962132.28725544
167,46968.351865096716,2928.6583685299474,137647355.22482905,130962132.28725544
168,46901.32606361345,3073.5492628019847,144154498.65550324,130897352.29090917
169,46689.39816754481,2998.0281453909947,140099095.1523377,130897352.29090917
170,46978.269626617715,3069.896780403765,144336569.86731887,130897352.29090917
171,47669.44427002258,3931.8394767103186,197633753.57190537,130897352.29090917
172,47715.36156552494,3768.821753014261,188666158.98472142,130897352.29090917
173,47079.45252375713,2970.4422557164867,139956500.45572352,130897352.29090917
174,47701.794543024786,4115.058041039641,204916600.86145872,130827580.8662921
175,46937.00460012162,3009.869972956779,141413450.8230987,129979772.39336404
176,46543.40355998136,2977.649283473977,138654818.02406114,129979772.39336404
177,46462.22397914449,2974.9134011134356,138227738.48518702,129616298.72713487
178,46469.982798109835,2861.43879289872,132977723.33323506,129616298.72713487
179,46318.02806057544,2876.9150304304117,133275505.98075128,129359194.51261275
180,46642.164543338804,2952.7861074239177,137712762.12849322,129359194.51261275
181,46252.5342388921,2875.1716218485744,132989352.09470189,129359194.51261275
182,47098.164615115595,3901.4795949200284,191254107.1225988,129301367.88375553
183,46126.97513595567,2863.653610323465,132102612.26779847,129301367.88375553
184,47516.219703520626,4008.646973955753,199778066.29348463,129301367.88375553
185,46122.630592837806,2979.1173650303404,137563904.19332105,129301367.88375553
186,46331.77565624346,3025.863942165605,140524916.6587519,129268236.46322493
187,46903.47198791332,3023.606133443155,141855165.11830056,129268236.46322493
188,46312.257851432965,2970.282158256573,137755545.04847687,129268236.46322493
189,46387.4545764932,2965.949461763287,137591781.44220176,129268236.46322493
190,46346.64315516373,2959.7118049809055,137221183.82751665,129268236.46322492
191,46531.25806739575,2986.9898390031535,139085750.22345808,129081924.4860494
192,45964.894964018684,2859.3478579339126,131424293.0282133,129081924.4860494
193,47108.93303954536,3820.731369214148,188737150.6368614,129081924.4860494
194,46419.96839709357,3044.0519561263923,141533187.8665635,129081924.4860494
195,47424.34756955122,3888.557099099007,193277874.16628367,129081924.4860494
196,46989.76593121448,3794.799018841619,187529352.55347475,129081924.4860494
197,46468.718553086626,3014.0795347989833,140292112.2737293,129081924.4860494
198,45867.08104683764,2903.772333886142,133202207.18634465,129081924.4860494
199,46233.67253901974,2922.77923886597,135138695.30004552,129081924.4860494
200,46815.533958354026,3790.993006322669,185858213.0994909,128600269.55289419
201,46085.67998641316,2931.4196718417493,135232642.09793317,128600269.55289419
202,48140.921556675414,4721.937906899509,242836928.3792696,128600269.55289419
203,46093.97196395905,2999.405352159464,138386620.966877,128600269.55289419
204,46046.54755164356,2940.040253722099,135377732.16627523,128600269.55289419
205,46069.56043636663,3076.5439860084325,141965963.2663102,128600269.55289419
206,45807.22465091019,2894.24899710437,132599584.672895,128600269.55289419
207,46591.83018934685,3044.0965539999365,141883962.5914801,128600269.55289419
208,46290.72297871199,2973.6011083979715,137751874.49368292,128600269.55289419
209,46144.931735314945,2973.765747410459,137352073.2254809,128600269.55289419
210,48395.79990653604,4833.648526731393,250402672.43865228,128600269.55289419
211,46649.24821178643,2947.4717848567334,137493896.17544848,128600269.55289419
212,46287.93510895838,2878.0922366612526,133239097.27311996,128600269.55289419
213,47147.394982559505,3857.71406549453,190652196.33790213,128600269.55289419
214,46964.97597398843,3899.793555577688,195593657.19464684,128600269.55289419
215,45944.10563961697,2906.01546070998,133532808.33232076,128600269.55289419
216,46342.39452316728,2997.514476197989,138961540.9303313,128600269.55289419
217,46118.58731175834,2928.9511926009577,135075299.3846692,128388394.81813201
218,45859.34304986397,2870.4760049062183,131653189.50449327,128388394.81813201
219,46967.50643191142,3825.1911666014335,189207040.29858825,128388394.81813201
220,45832.80983599407,2965.928928769121,136065596.78686315,128388394.81813201
221,46262.34228554005,2883.7981376751477,133409716.8439568,128388394.81813201
222,48557.96753148195,4867.680582370863,251836495.67347342,128388394.81813201
223,45537.41387437499,2853.6268525850332,129948043.16361482,128388394.81813201
224,46000.837734090754,2996.1612995227197,137895947.17095047,128388394.81813201
225,47283.04931683532,3868.783345343824,192566083.80018905,128388394.81813201
226,46270.63401356297,3029.5455482792454,140187811.13414106,128388394.81813201
227,46157.60638839796,2903.955446587909,134065406.30566397,128388394.81813201
228,46070.014075436695,2872.1562760930074,132358178.65737419,128388394.81813201
229,45673.05939341867,2846.7205483002267,130018436.67898163,128388394.81813201
230,46102.29486450674,2931.4691051825776,135277649.8460532,128388394.81813201
231,46027.51789050912,2941.012875720994,135420986.4512326,128388394.81813201
232,47330.70064927675,3988.2948619410054,197816789.35825112,128388394.81813201
233,45679.93992613966,2868.2889434478784,131046429.01216736,128388394.81813201
234,45857.381651434865,3044.331418963115,139699634.55018848,128388394.81813201
235,45993.68161048081,3025.186151878554,139264417.5662412,128388394.81813201
236,47130.346073312314,3926.3369767283416,193750801.77256176,128388394.81813201
237,45531.277511342225,2846.7205483002267,129614823.28189793,128388394.81813201
238,46085.870576937756,2974.9370646186985,137247965.69639277,128388394.81813201
239,47213.87659528245,3968.2913669604714,196676937.5126027,128388394.81813201
240,46048.771775228124,2904.221789148748,133794663.1536669,128388394.81813201
241,47655.732316385394,4720.452420373847,240322524.0538643,128388394.81813201
242,46027.782866702764,2950.772565570045,135869548.4189747,128388394.81813201
243,45705.42974644517,2846.7205483002267,130110586.0280979,128388394.81813201
244,47325.70171884023,3871.668951174707,193101275.93141103,128388394.81813201
245,46496.62186885627,2926.732131146765,136239990.50004345,128369805.2342439
246,46542.89238034268,2951.8624364886373,137448362.47980145,128369805.2342439
247,45913.217061131276,2941.2307188406457,135139838.02142125,128369805.2342439
248,46147.45488346117,2939.5406668511723,135777373.872961,128369805.2342439
249,46116.96146477965,3012.6062302979817,139053942.93436638,128369805.2342439
250,46054.37310461756,3021.198398462356,139505424.34956738,128369805.2342439
251,45875.749656887005,3002.757314677746,137826454.82741183,128369805.2342439
252,46989.423926626696,3859.938916217733,190569100.59090862,128369805.2342439
253,47084.579814709825,3816.30247789973,188823868.86137193,128369805.2342439
254,45930.22102046746,2994.640398528313,137679882.9499105,128369805.2342439
255,46008.77492869331,2888.346376254563,132934750.73823504,128369805.2342439
256,45946.64116541245,2999.9113720009204,137936125.08543244,128369805.2342439
257,46243.26723856203,2924.7494353264456,135284231.1163941,128369805.2342439
258,45967.780307198016,2974.9118272478736,136862060.83740538,126878803.36447208
259,45536.35565326213,2986.3726712766124,135977593.9883696,124213785.66412097
260,46979.228959761305,3750.5105466699797,186864085.5829715,124213785.66412097
261,46934.615915293405,3944.942937143666,194510093.49620464,123453923.29759514
262,46985.56865733223,2858.2104466091705,134320845.91884416,123453923.29759514
263,47108.42397721924,2730.325545194036,128645945.66587143,123453923.29759514
264,48025.85148034674,3796.335539426583,191333189.52296194,123453923.29759514
265,46950.627455670954,2710.7713208064283,127255024.39581552,123453923.29759514
266,47918.57634772935,3891.7598193148588,195448073.7751119,123453923.29759514
267,46580.25213221795,2808.2840400908426,130846868.17429355,123453923.29759514
268,46803.63929087379,2768.2731257446867,129676955.47887623,123453923.29759514
269,48044.29140091658,3680.5134630750267,185785478.14602035,123453923.29759514
270,46951.46169680987,2733.0932085867325,128336675.28578708,123453923.29759514
271,46855.4227165469,2929.6221998835654,137441374.46989927,123453923.29759514
272,46866.37550066096,2713.273252985938,127182091.56884663,123357646.19472831
273,48147.702113850144,3683.1235372898927,186352641.54441053,118841978.32471667
274,47334.48917495965,2602.3418459201735,123204049.43526979,118566211.08910745
275,47701.06167111451,2716.0495501273667,129658957.05887492,118566211.08910745
276,47463.99731662044,2673.412374846407,126935639.5895069,118168429.11043547
277,47346.846229468225,2583.334825458842,122329388.52264127,117973436.2621572
278,47398.66470811896,2579.187992766684,122289739.2246799,117973436.2621572
279,47361.39369461393,2656.013533354334,125845547.62826264,117451499.90859027
280,47072.82081543316,2705.3055464478775,127384203.65805435,117451499.90859027
281,47061.27047617758,2692.6456105976476,126810279.79811785,117056052.22402805
282,46871.83974666337,2709.141966556453,127109862.08172807,116076748.43888561
283,46516.056035296424,2567.8618439005595,119437808.4791576,116076748.43888561
284,46370.15279644081,2649.4407115943845,122866981.52333601,116076748.43888561
285,46342.12367595192,2549.7260496495205,118174673.39475083,116076748.43888561
286,46289.46091122463,2617.8151788097152,121248049.81987318,115478299.63423641
287,46345.036875879756,2545.1892679962975,117962271.33421274,115410563.7719975
288,48333.80933542627,4491.115108598982,233087653.8283863,115385284.00312592
289,47320.566973528155,3668.437662263181,183855692.27416134,115385284.00312592
290,46242.477357197975,2563.8674704209343,118574165.32822093,115385284.00312592
291,46563.89424440387,2680.483726177923,124858467.2488753,115385284.00312592
292,46057.659654602736,2570.4187581395577,118414573.55432773,114640399.51157624
293,46050.70535639911,2795.415688844034,128885597.64279723,114640399.51157624
294,46965.72770728207,3548.7940017583423,176735940.50601143,114555446.38156596
295,46230.462427859486,2593.3685071134482,119890422.21257563,114555446.38156596
296,46326.4235297121,2748.8152099247523,127552800.49096029,114555446.38156596
297,45901.095753418405,2555.7051768489464,117331584.18371184,114555446.38156596
298,45618.233259201945,2649.886430064554,120894640.93682954,114546622.94177675
299,45992.72683187226,2723.966752550366,125253400.48816422,114546622.94177675
300,45997.36707092726,2541.041508126441,116892719.15355821,114546622.94177675
301,46331.74643108146,2566.4097444633853,118969692.06870708,114546622.94177675
302,46260.39522159827,2574.0807200659847,119121154.06254752,114546622.94177675
303,46196.28916137198,2683.8848311228603,124080189.34421715,114546622.94177675
304,47218.52749400629,3489.2717483887254,173190309.92220417,114546622.94177675
305,46166.78305961932,2711.215891415807,125254899.55722037,114546622.94177675
306,45738.76810864101,2570.3355328707403,117574484.09559336,113777808.30441453
307,45984.09203286517,2608.1780081381266,119957122.6063793,113777808.30441453
308,46290.07940153293,2582.198774247822,119573636.53518586,113777808.30441453
309,45838.14606393139,2642.510537038122,121179624.48600936,113777808.30441453
310,45728.325181369175,2688.238123383466,123032335.05867028,113777808.30441453
311,45493.84522339757,2569.458002660999,116916609.41689897,113663668.14910863
312,45935.236641170675,2688.1428422642794,123502614.75340238,113663668.14910863
313,46130.263238322965,2687.684922848455,124086401.1699982,113663668.14910863
314,45769.65256433222,2692.238872241979,123366413.69021027,113231547.00001317
315,46519.65807294893,3598.332140789668,178491328.69504184,110207050.70144728
316,44302.75084099079,2563.421837828709,113557154.13396129,110207050.70144728
317,44174.60646260288,2717.4753716933906,120102919.07279742,110207050.70144728
318,45432.60261336966,3541.5400876495287,170362427.54375565,110207050.70144728
319,44244.67126063896,2752.9588052124723,121973816.32730117,110207050.70144728
320,44361.23998823818,2634.358565262557,116945599.00837407,110207050.70144728
321,44219.37666861683,2646.497563850337,117216516.16095814,110140674.50816123
322,44342.92635002058,2636.3192001468415,116931872.54137476,110140674.50816123
323,44189.55766019829,2566.2865892553214,113449501.0637193,110140674.50816123
324,44551.863962071606,2691.5067920578854,120036904.85080484,110140674.50816123
325,44495.51598504379,2683.2230071767444,119569105.28439343,109853809.21703999
326,44226.17030481423,2583.4408936055124,114344660.01710849,109853809.21703999
327,44258.69467103971,2827.134085425553,125278920.65377632,109853809.21703999
328,44034.42430729304,2676.0655298056417,117899649.61188701,109853809.21703999
329,44180.14023469255,2619.7423701249136,115754378.24487495,109853809.21703999
330,45108.3520444604,3517.964165962774,167807653.323606,109853809.21703999
331,44360.59854808449,2655.503327258139,117848736.9825627,109853809.21703999
332,44012.77128392386,2729.3851816365013,120346692.77624294,109853809.21703999
333,44297.30097872519,2628.7944975741993,116451663.35549156,109853809.21703999
334,44057.27954235575,2619.7749969170227,115485270.32816514,109508783.88132457
335,44255.88259882038,2735.0292317723115,121138873.01702397,109508783.88132457
336,44465.8480573117,2586.1145451620177,115092149.74421343,109508783.88132457
337,43924.23317632199,2617.7276221725906,115062220.47049098,109508783.88132457
338,44502.11046883462,2705.0040145080693,120481994.29422037,107274979.92889483
339,44487.11050170114,2485.715716968167,110599732.65387826,106732792.84843722
340,44362.452063996396,2591.597642602177,115014983.3299255,106554498.06703994
341,44503.47244434059,2578.353721376887,114808546.45798488,106554498.06703994
342,44479.80085898303,2640.9033471203525,117611301.23408177,106554498.06703994
343,44766.251307093225,2598.565452760888,116430470.30397134,106554498.06703994
344,44556.91789733203,2509.732639783839,111829849.541538,106554498.06703994
345,44139.260472698326,2479.482678147994,109473141.57490984,105810472.63068518
346,44323.686386607355,2689.1137248137306,119603917.76243794,105810472.63068518
347,44300.45070278687,2527.1414112740795,112038416.03414333,105810472.63068518
348,44965.900984681364,3490.3245668374648,166900258.62223414,105810472.63068518
349,43791.93670775204,2509.2820936273065,109959663.1497418,105810472.63068518
350,45356.655284035274,3577.6481641724376,171687796.00640246,105810472.63068518
351,43690.68735826831,2475.2447663584853,108135619.33838277,105810472.63068518
352,44418.285436958024,2608.6357530697633,115911074.18298832,105810472.63068518
353,43700.73983765933,2535.237635325274,110771460.98142159,105810472.63068518
354,43964.044780781645,2655.582661864391,116764390.94668384,105810472.63068518
355,43891.07532027505,2545.771787136867,111802248.65580335,105810472.63068518
356,43790.11041875936,2533.261438431102,110938455.12809594,105810472.63068518
357,43884.097638562795,2511.539184694214,110240084.47186044,105810472.63068518
358,44103.427731046904,2472.631992525555,109095178.42801423,105810472.63068518
359,44167.1583109192,2583.8556599207272,114219077.30187507,105810472.63068518
360,44066.29509769113,2770.572063165263,122293383.3417304,105617206.02141036
361,45024.24019420332,3472.807970625998,166114386.46135655,105617206.02141036
362,44243.771202416625,2493.466463879714,110321044.55527656,105617206.02141036
363,45333.19125988266,3616.8304791722576,174962504.67220253,105617206.02141036
364,44003.2896685011,2583.107898132688,113719078.42123315,105333835.61569564
365,44829.03088757089,3488.6712307861235,165001359.8876247,105333835.61569564
366,43667.6277433927,2455.913532920326,107245484.20964578,105333835.61569564
367,43789.202078620256,2448.314700727652,107209747.18221982,105333835.61569564
368,44118.361776543476,2607.237386553232,115057496.34799492,105333835.61569564
369,43728.20477497201,2587.8958425830233,113208952.84585051,105333835.61569564
370,43942.216163631325,2556.209381222703,112353685.22858584,105333835.61569564
371,43561.94645939442,2530.0682090992823,110270189.97663334,103603480.3741865
372,44429.134152848565,2500.941834206121,111146031.26016876,103584151.94312355
373,44607.55947660348,2378.5450908926437,106111035.39493605,103584151.94312355
374,44691.94024301225,2445.6789383397518,109314334.45701571,103584151.94312355
375,44598.004896838174,2411.7926563997416,107580478.83703089,103584151.94312355
376,44845.281541441465,2519.6411833891516,113113339.1164246,103584151.94312355
377,44459.42941845386,2393.6827324189517,106443336.74175473,103584151.94312355
378,44709.75172736962,2466.933445491411,110343361.62844022,103347379.7781444
379,44777.09249917722,2472.638865499219,110760756.19541618,103347379.7781444
380,45053.65035810757,2525.9388312872484,113920667.77044871,103347379.7781444
381,44920.912657537825,2520.4327371213185,113235316.9091115,103347379.7781444
382,46965.06938047618,4499.234052934114,230208007.55980673,103347379.7781444
383,45756.14585941665,3478.6001478494663,169052787.8913532,103347379.7781444
384,44759.11512531557,2626.759737026682,117782801.65494776,103347379.7781444
385,44740.80911162737,2581.2234680054416,115531378.04058115,103347379.7781444
386,45860.31626799901,3497.7920936264563,170865611.54192194,103347379.7781444
387,45844.21242155521,3447.73045952741,167563634.37592822,103347379.7781444
388,45265.416565394364,2626.7979243642567,118981805.39440127,103347379.7781444
389,44716.882755670376,2377.5312316701907,106328244.89240149,103347379.7781444
390,44387.839104726794,2367.1193508625506,105074926.3033704,103347379.7781444
391,44836.262486838285,2400.2757789168695,107640314.56025095,103347379.7781444
392,45784.30636325234,3503.728778665968,169934521.08390737,103347379.7781444
393,44647.7945680151,2512.482293299331,112346680.93859072,103347379.7781444
394,44784.10522425586,2567.5348641493065,115151370.43229637,103347379.7781444
395,45818.46450332478,3453.96092638325,169385497.30773193,103347379.7781444
396,44860.27875056373,2482.4042443869475,111501131.10570681,103347379.7781444
397,45344.15753328137,3418.928407894341,164077383.91221872,103347379.7781444
398,44887.39014314455,2563.8440342496388,115304081.47860844,103347379.7781444
399,44419.97964329609,2477.9992927940784,110130944.59013577,103347379.7781444
400,45149.94808962151,2654.855219393188,119968486.46568227,103347379.7781444
401,45916.37912720074,3454.220938338293,168836238.2938879,103347379.7781444
402,44871.22199306856,2574.4071317621856,115676385.93560891,103347379.7781444
403,45828.30922309495,3375.749954794005,165391754.9580019,103347379.7781444
404,44586.04745276942,2393.528614442984,106731354.61968294,103347379.7781444
405,44557.43776879129,2551.2886617617564,113786080.41546421,103347379.7781444
406,44394.35261850381,2408.2311216871813,106948953.48352459,103347379.7781444
407,45583.26879718128,3417.816383754507,165797091.1857291,103347379.7781444
408,44516.49247455828,2513.591661435924,111953173.05769913,103347379.7781444
409,44521.80542135802,2547.1321891010975,113402936.4252297,103347379.7781444
410,44451.822447181,2438.6019377461116,108416076.59899318,103347379.7781444
411,45957.76324557264,3569.0891154319806,172881706.2897222,103347379.7781444
412,45805.751273004964,3398.260316609605,164843658.22327438,102907527.60679014
413,44428.30751819829,2466.0301763338493,109631511.99640593,102907527.60679014
414,44520.306145275346,2443.465783685219,108850761.54869297,102907527.60679014
415,44806.87820998684,2556.635246534265,114778036.2952793,102907527.60679014
416,44257.770485712754,2464.1501637494525,109164646.15126851,102907527.60679014
417,44262.07962769518,2487.978401600609,110255406.50787449,102907527.60679014
418,44657.781550474385,2588.3337728369925,115767165.66751996,102816237.09644002
419,44444.46905631931,2407.0564898560506,107030476.8987808,102816237.09644002
420,44307.985083336316,2494.0458653105156,110614300.77269733,102816237.09644002
421,44495.49564784572,2420.548371515956,107679664.42466156,102816237.09644002
422,44347.082318749,2469.252606539204,109525722.18126683,102816237.09644002
423,44846.93142942683,2465.7561314967156,110725979.67952773,102816237.09644002
424,44857.10369888855,2519.762653026217,113156085.20709853,102695605.1488506
425,44716.38745098788,2452.8026771850914,109664467.50905979,102695605.1488506
426,45500.425601593524,3526.1710465081587,170683831.67522252,102695605.1488506
427,44296.17841625342,2454.707685234872,108758931.4976556,102695605.1488506
428,44528.62599346544,2515.780948580273,112109571.56581946,102695605.1488506
429,44744.25958724211,2503.534874603162,112119248.58456294,102695605.1488506
430,45411.52779098811,3438.522436412443,165899283.73245978,102695605.1488506
431,45246.89327917345,3400.75637812454,162699529.76203564,102695605.1488506
432,44268.23960431103,2468.9716638696264,109376324.87459806,102695605.1488506
433,44581.26765941472,2500.7240485607613,111508418.99108216,102695605.1488506
434,45527.911147704675,3556.382026531866,171356777.2829712,102695605.1488506
435,45144.556173466226,3335.4072291607713,159672331.05524114,102695605.1488506
436,44368.84081681822,2436.3748264888923,108142274.4694649,102695605.1488506
437,44569.29538235064,2489.5905046636753,111070605.76446076,102695605.1488506
438,44482.85343892822,2487.199457641257,110625344.3883694,102695605.1488506
439,44646.1665699824,2408.7662169514865,107604925.85767126,102695605.1488506
440,45302.50022832318,3515.7575987873897,167915133.06934318,102695605.1488506
441,44651.20200818369,2524.4051682891595,112801842.63660812,102695605.1488506
442,44614.53990212343,2419.701605537579,107967489.47845086,102695605.1488506
443,44574.23264938551,2505.9079321331456,111744964.96954438,102695605.1488506
444,44261.82614446177,2560.491070173704,113396918.91277686,102675953.96462527
445,44308.630876980096,2421.4185567496047,107295379.81919783,102619774.83341242
446,44461.425557595714,2587.8860184456153,115234391.35828197,102619774.83341242
447,43873.64189760281,2421.005458480325,106223786.47337547,102619774.83341242
448,44635.82604744656,2509.705593497425,112015432.67441317,102619774.83341242
449,44249.22591443346,2414.1239745550056,106892599.54096714,102619774.83341242
450,44366.38530300602,2386.3568631270796,105858442.69384214,102619774.83341242
451,44095.11707695927,2494.447482735909,110047972.46564972,102619774.83341242
452,44853.87246090728,2602.829896775787,116947862.33798595,102619774.83341242
453,46819.023234640445,4511.2474771152465,229213160.48447075,102619774.83341242
454,44137.00137965853,2393.977953671036,105667425.50515424,102619774.83341242
455,45429.12687712049,3455.340883385465,165919690.158917,102619774.83341242
456,44242.07819371314,2521.7089061323713,111824027.67525788,102619774.83341242
457,44214.44456136554,2533.250144769958,112125755.43145435,102619774.83341242
458,44124.39736840204,2395.829743867974,105737566.48307768,102619774.83341242
459,44261.42764943283,2409.665921615936,106663547.46654764,102619774.83341242
460,44554.85325345749,2408.253972895699,107336867.93150796,102619774.83341242
461,44484.6093751513,2413.5263668662164,107408369.72720186,102619774.83341242
462,44046.13857806287,2461.53646875409,108430248.86883745,102428984.8983453
463,45623.08714558683,3503.813352635557,168692617.46086553,102428984.8983453
464,44293.06784256154,2446.5421696039602,108429570.6105409,102428984.8983453
465,44009.18102570018,2376.1293621758186,104581007.15569657,102428984.8983453
466,45140.89390120358,3369.513898739597,162602619.89671794,102428984.8983453
467,44329.4681274502,2420.062752074127,107323888.54987098,102428984.8983453
468,45352.35154163475,3453.373393762495,163788015.43971437,102428984.8983453
469,44136.54458825795,2427.621729517098,107184028.70085523,102428984.8983453
470,44563.0641387604,2619.5876224898657,117021265.65925686,102428984.8983453
471,44698.94511574443,2568.4590924030063,114863872.44505274,102428984.8983453
472,44854.30342842446,2478.007590550574,111262007.15478368,102428984.8983453
473,44908.1623329493,2739.2386756455153,123396762.32422403,102428984.8983453
474,44391.57359510941,2490.3497374768676,110593758.61194143,102428984.8983453
475,44214.085296011,2413.4790176269166,106747474.02884379,102428984.8983453
476,45379.07633466604,3544.5495675022585,169387939.45590505,102428984.8983453
477,44199.42601160698,2540.0594599358074,112261433.16619115,102428984.8983453
478,44217.00612387768,2438.003751592917,107877598.56750551,102400142.81321691
479,45218.68460525266,3428.3004160501428,164505586.505595,102400142.81321691
480,44434.86695699518,2448.5995258749545,108872287.5753411,102400142.81321691
481,43899.31942201672,2394.0005226488715,105141177.44749774,102250371.80925731
482,44798.135314718544,3432.7072394425318,163185609.6506699,102250371.80925731
483,43864.138127938306,2402.32426931722,105385701.18814996,101810076.19815367
484,44057.02416355046,2360.8459703819185,104027795.98127545,101810076.19815367
485,44306.01036941206,2392.8833824809226,105992024.01327777,101810076.19815367
486,45369.92451636841,3461.8878089941572,165917196.5239635,101810076.19815367
487,44975.00867027616,3362.691738472667,160397501.7425632,101810076.19815367
488,45575.479291974254,3530.1742606311236,170143125.48315758,101810076.19815367
489,44065.31980792637,2412.5522309415546,106325305.89197275,101810076.19815367
490,44699.920815082995,2673.7571027798163,119798305.90080662,101810076.19815367
491,44256.91837491363,2466.6214158069843,109201362.28431538,101810076.19815367
492,44252.24543075256,2543.8042438400394,112786890.86411604,101810076.19815367
493,45170.692600071154,3421.025774762145,164241624.144381,101810076.19815367
494,44221.363072982596,2473.338496374769,109536559.907746,101810076.19815367
495,44416.66422560291,2449.677926237944,108824808.92746966,101810076.19815367
496,44525.06423737768,2410.9135273053307,107411402.31031427,101810076.19815367
497,43998.1995730523,2379.324809507988,104716715.56460547,101810076.19815367
498,44132.14347628457,2359.28926398498,104130603.63392048,101810076.19815367
499,45007.68865516641,3343.6458884091503,160100374.73560542,101810076.19815367
500,44236.61597220079,2504.770313281252,110860675.15580972,101810076.19815367
501,44375.86366382843,2537.3821829848116,112698551.46456242,101810076.19815367
502,44472.25945849849,2528.8390660100927,112540965.69184129,101810076.19815367
503,44210.83286045758,2535.372114133465,112015695.33379705,101810076.19815367
504,44113.96144308187,2453.5804206329494,108352554.1884265,101810076.19815366
505,43846.03165256619,2376.9736119289296,104222194.2783474,101655055.26693308
506,45111.17340673943,3405.170354306122,162965272.4188866,101655055.26693308
507,45302.19698225974,3357.6453695329233,161685930.20315468,101655055.26693308
508,44130.99473905447,2480.176165047654,109577733.4285963,101655055.26693308
509,44067.92014609517,2417.0239709365414,106558221.30276531,101655055.26693308
510,44236.17501857206,2450.9095504767392,108540511.01866737,101655055.26693308
511,44272.68332450048,2409.445839902755,106779162.38155802,101655055.26693308
512,44196.791381576484,2406.4253904687976,106404223.54254992,101655055.26693307
513,44272.542670410614,2510.1762187097816,111265243.35799654,101655055.26693307
514,44048.203165445906,2351.1506506531105,103566446.34237778,101655055.26693307
515,44974.443210269674,3354.912110865199,159954084.50970802,101655055.26693307
516,43692.60825538107,2389.556331007433,104414456.7575933,101655055.26693307
517,44945.59444027046,3227.575963396619,153435960.6787905,101655055.26693307
518,44734.7659223744,3402.798527051645,161893862.65631568,101535320.59630412
519,44107.46657737603,2583.1644215365764,114227305.54658552,101535320.59630412
520,44032.588286558675,2379.8497272552554,104798641.32189381,101535320.59630412
521,44145.297247911694,2437.577167024703,107680925.61432323,101535320.59630412
522,45348.531474615374,3383.0614798355755,163669874.61629507,101535320.59630412
523,45147.89446576302,3496.9337625293347,169495614.9512233,101535320.59630412
524,45304.21102851534,3558.083848287503,171019305.4488811,101535320.59630412
525,44234.970067968185,2553.567037195469,112973277.77395396,101535320.59630412
526,43937.26999385377,2482.9848887300764,109169979.72850546,101535320.59630412
527,45264.4448909027,3325.3950557155413,159607774.13335842,100319865.50761794
528,45188.27065341063,3168.149055144749,151899113.85207248,100319865.50761794
529,44887.59369866608,3458.927402702781,166089616.28622082,100288634.58904381
530,45416.06799241268,3349.952651200977,161323272.80199116,100288634.58904381
531,44471.8138724551,2350.0757918429276,104554864.21149187,100288634.58904381
532,44788.96904355642,2404.7793312832077,107786204.88966484,97150146.45614934
533,45297.41396856359,2473.483092011996,112162508.57361917,97150146.45614934
534,44570.269863849644,2302.439520167404,102584849.38272068,97150146.45614934
535,45722.65845120972,3399.296212120257,164482827.9339254,97150146.45614934
536,44894.54136344255,2379.3456001920777,106907296.51828684,97150146.45614934
537,44616.825967148834,2392.5682831863915,106757399.0028274,97150146.45614934
538,44686.468342049884,2323.324065235787,103855270.33261488,97150146.45614934
539,45315.6176370082,2558.915521493393,116191306.61801204,97150146.45614934
540,44732.450247132714,2467.609503427955,110750408.49339625,97150146.45614934
541,45681.39622194617,3344.666191883646,163003100.35464144,93593916.35469176
542,44847.83252379215,2383.7445781550623,107133664.06838919,93593916.35469174
543,45390.996167761376,3046.469528711023,147495961.68205348,93593916.35469174
544,44851.303135763505,2379.357249961538,106947627.65368621,93593916.35469174
545,45254.979375922194,3069.310208767297,146810050.17638743,93593916.35469174
546,44387.24235827146,2321.995831341906,103145511.22668584,93593916.35469174
547,44504.40401609609,2389.711122402408,106431607.81959578,91223389.28803319
548,44238.88490988799,2379.4979140305322,105381329.63558689,91223389.28803319
549,44413.0553550042,2243.099612779171,99772499.51559657,91223389.28803319
550,44240.98638677278,2258.25443204653,100062238.15239875,91223389.28803319
551,44385.23431947354,2424.059697933578,107701529.23528962,91223389.28803319
552,44435.74976220954,2375.5482850137296,105704395.29370722,91223389.28803319
553,43868.01425064706,2196.4729328458125,96438461.37208398,91223389.28803319
554,44390.8514669766,2352.230125767762,104686639.78032714,91223389.28803319
555,44042.26006071815,2315.4238154072727,102044359.5995034,91223389.28803319
556,43841.257953932145,2152.5715061688243,94429044.42264155,90378753.22704466
557,44687.85171924296,3251.890144799016,155883255.22297114,90378753.22704466
558,43860.22415894485,2405.2439017653073,105791144.98727019,90316546.87966347
559,43805.38883717331,2211.513750956572,96921063.50319436,90316546.87966347
560,43872.71421746236,2202.134474646361,96706610.70959663,90316546.87966347
561,43543.17863422105,2185.948926743777,95215840.2967786,90316546.87966347
562,44063.216208256854,2221.999666936772,98010328.69108078,90316546.87966347
563,43954.547755601685,2284.5964272382844,100542471.04323211,90316546.87966347
564,43655.97539370915,2339.809500467721,102286115.11015171,90316546.87966347
565,43604.509815936544,2378.902122771517,103739282.71438374,90316546.87966347
566,43852.37799206668,2233.614725752347,98053333.13128276,90316546.87966347
567,43771.651463051996,2331.9493327554314,102339791.62478368,90316546.87966347
568,43490.95445239775,2209.8623600358014,96129205.18357691,90316546.87966347
569,43624.466173632114,2314.057647250122,101147521.18799992,90316546.87966347
570,43704.903122927324,2407.874258584753,105339607.09367083,90316546.87966347
571,43860.285949448626,2316.9344902918356,101764768.0507596,90316546.87966347
572,44176.17410782385,2354.6153901606094,104086717.53783801,90316546.87966347
573,43896.373840449756,2363.09471334898,103747518.34714104,90316546.87966347
574,43951.18143859877,2327.124895508142,102392736.25075875,90316546.87966347
575,45732.91577068455,4193.2983908324295,207037565.7078537,90316546.87966347
576,43407.72222217411,2218.1036473143477,96353428.07788749,90316546.87966347
577,43978.124754202414,2246.3958709392173,98919748.10501954,90316546.87966347
578,43614.923178174664,2212.7100807100333,96561081.21981567,90316546.87966347
579,43727.16592104077,2271.9779477928078,99558324.2769265,90302817.70667444
580,43658.45338340664,2273.2349758452037,99360943.89972368,90302817.70667444
581,44073.778772629725,2523.6017792909197,111728662.59665887,90302817.70667444
582,44072.78247909981,2306.6007759652193,101683391.52465521,90302817.70667444
583,43904.719928875296,2293.511138287414,100858040.4038851,90302817.70667444
584,44369.34484205346,2470.6249260657323,109814730.45076945,90302817.70667444
585,44008.314650055334,2358.9567890407116,103955441.43992588,90302817.70667444
586,44825.50191483302,3348.93652523732,158533118.43757164,90302817.70667444
587,43746.207895782274,2250.4109221202357,98582864.10678765,90255108.79919752
588,45930.17490812611,3427.5672654069726,177192018.0227696,90255108.79919752
589,44699.15292795098,3303.0120916447936,157673914.37487325,90255108.79919752
590,44947.29940918462,3388.053776429902,161860624.72170472,90255108.79919752
591,44001.56173246835,2242.1188590747397,98836814.84193742,90255108.79919752
592,44437.53947864815,2568.374323617548,114657357.88456106,90255108.79919752
593,43645.53487876952,2167.4794730772032,94637599.0688454,90255108.79919752
594,44210.29976343419,2400.4446983493317,106241939.47412705,90255108.79919752
595,43965.09384423373,2317.6445611038775,101995906.17305401,90255108.79919752
596,44041.59122693332,2395.213844287552,105718179.97177102,90255108.79919752
597,45082.6511439306,3263.788177473002,155855034.70320725,90255108.79919752
598,44729.028901086516,3244.596678372087,155614761.51943558,90255108.79919752
599,45270.63982800672,3355.767170120735,161529004.2789582,90255108.79919752
600,43657.47736553211,2220.998957088206,97007116.33820777,90255108.79919752
601,43641.624150168354,2291.4142805732818,100174454.22025183,90255108.79919752
602,44027.54273621663,2317.8963134440337,102125212.55642615,90255108.79919752
603,43941.708057267395,2402.519656067526,105908684.099719,90255108.79919752
604,43716.99491612529,2307.554522469539,100975883.11241643,89726321.0420983
605,44038.5335047266,2326.7300669470214,102842557.04706784,89726321.0420983
606,43669.35341251984,2541.311279305115,111191551.66079065,89726321.0420983
607,43809.15175214678,2394.5580957477177,105119424.8423943,89726321.0420983
608,43283.49683831599,2247.471002883729,97311681.369587,89726321.0420983
609,43501.88909997846,2380.515652865497,103713549.1798852,89726321.0420983
610,44123.32227812091,2416.4214549964645,106681128.3595841,89726321.0420983
611,44321.55257705242,3246.1395101211137,154114049.83354077,89726321.0420983
612,43371.25266851957,2293.457508033314,99584827.44013765,89726321.0420983
613,44833.302171176554,3313.0089663682543,158620017.15291455,89726321.0420983
614,43584.27204892786,2255.888914122553,98398180.86883385,89726321.0420983
615,44727.00229061218,3323.0846928483274,157382302.42384112,89726321.0420983
616,43361.015415309994,2240.13330825719,97308607.80108078,89377223.90852718
617,43296.853667573116,2253.3015479137403,97664204.88567296,89377223.90852718
618,43514.76736860089,2280.472300736704,99297461.13270198,89377223.90852718
619,43445.94892575472,2368.1158471094827,102939082.99356107,89377223.90852718
620,43647.60465460877,2326.0840386094496,101812522.18478552,89377223.90852718
621,43283.48757537405,2323.780080188636,100698808.24297182,89377223.90852718
622,43519.86591957127,2260.6947597870617,98581692.85238919,89377223.90852718
623,43550.31336744174,2153.2566116027824,93823134.25467168,89377223.90852718
624,43660.3678804435,2406.6246502376343,105248414.01569143,89377223.90852718
625,43718.60736244296,2273.5874658957086,99515827.18076232,89377223.90852718
626,43123.90453615707,2219.003359755009,95793925.09638786,89066522.73373476
627,44689.08551929927,3330.8211427866663,160367643.98655957,89066522.73373476
628,42977.54997099965,2146.76677235968,92274734.5022301,89066522.73373476
629,43719.269706492705,2378.307878720255,104165362.72248319,89066522.73373476
630,43192.845459814016,2214.527673000822,95831951.47714522,89066522.73373476
631,43381.487557638044,2423.9477205543276,105337735.98369208,89066522.73373476
632,43323.546683577486,2261.631859080956,98129700.66195956,89066522.73373476
633,43007.04951405163,2268.161966809738,97684244.31422828,89066522.73373476
634,43416.04521218456,2315.051221084039,100652219.44767936,89066522.73373476
635,43567.3058748702,2561.9772204556425,111626283.73852043,89066522.73373476
636,44375.699938483,3104.2592693233614,147071149.28981715,89066522.73373476
637,43491.77309938297,2304.8703659377443,100497677.85900904,89066522.73373476
638,43828.59911298636,2315.8898841475266,101660671.39264722,89066522.73373476
639,42857.38979629455,2314.762933667612,99248872.86149392,89066522.73373476
640,43541.18837086233,2410.447803505217,105000439.5711275,89066522.73373476
641,43513.50699660561,2389.111133996265,104185575.50569503,89066522.73373476
642,44214.87706820512,3285.7040117462957,153981968.73340908,89066522.73373474
643,43079.09339819917,2167.5416540561155,93480603.09745538,89066522.73373474
644,43669.19479945058,2330.028140903037,101851182.5132354,89066522.73373474
645,42894.2195212093,2241.764414050753,96206882.00994703,89066522.73373474
646,43310.050427636306,2247.037650821158,97449550.93435642,89066522.73373474
647,43116.48681358815,2136.7404807288926,92157145.28886624,89066522.73373474
648,43734.12041070557,2350.8427249749284,103104299.65548843,89066522.73373474
649,43409.85927093822,2326.59267734735,100989557.84042586,89066522.73373474
650,44035.72067693187,3240.3404650045977,152304934.19461632,89066522.73373474
651,43226.55788820323,2233.511520544877,96625734.92470461,89066522.73373474
652,43325.40815683683,2316.5720554117825,100453515.92980504,89066522.73373474
653,44491.413986421176,3341.1910497114013,159567589.91474956,89066522.73373474
654,43356.42130810903,2285.436424576797,99238175.45079684,89066522.73373474
655,43643.752154132715,2440.4783601373374,106694190.59560896,89066522.73373474
656,43799.24468798095,2320.2525938859444,101804930.11199008,89066522.73373474
657,43164.983007704264,2303.7777600713125,99509149.50695509,89066522.73373474
658,43422.07203518633,2356.950422178238,102581503.29806307,89066522.73373474
659,43335.07473650134,2403.907375560475,104463068.00515547,89066522.73373474
660,43039.95249939585,2211.1762729635534,95242493.81808197,88389430.22746135
661,44160.515518444976,3265.7952608285304,155349337.31813043,88389430.22746135
662,43167.54359792638,2425.9102798855,104951032.46758975,88389430.22746135
663,44220.21537816357,3295.1906468499474,156171891.40206882,88389430.22746135
664,43414.431275677656,2378.954862510141,103393916.13518532,88389430.22746135
665,42909.82080918101,2364.7958959703606,101659843.47286993,88389430.22746135
666,42992.781138791106,2272.540815954456,97839328.72685736,88389430.22746135
667,42894.53603466182,2385.732789797765,102525135.52956025,88389430.22746135
668,44085.50123491978,3109.69606711154,145357439.51652485,88389430.22746135
669,42808.952850825735,2286.901502941712,98030979.12249893,88389430.22746135
670,42940.22730955391,2426.329167398576,104347122.43185711,88389430.22746135
671,42510.89391128075,2102.4203174350127,89375767.07140104,88389430.22746135
672,42898.26757322674,2389.262334679617,102773850.66659248,88389430.22746135
673,43862.6645235329,3094.8350656378143,143980315.1658359,88389430.22746135
674,43211.625178853355,2231.4896172499675,96663322.9256516,88389430.22746135
675,42668.939898384924,2210.7015989120678,94441315.05294098,88389430.22746135
676,42984.324493934946,2272.0535514741096,97746513.90388905,88389430.22746135
677,42858.89017074327,2377.059251841908,102086009.70162952,88087788.7482915
678,42824.97936950424,2209.2275135859613,94672773.8471319,88087788.7482915
679,42634.01295827756,2316.8887912535956,98842674.99227199,88087788.7482915
680,42948.98425621044,2392.5502330426684,102837773.5815093,88087788.7482915
681,42811.736641980104,2183.9386983406866,93581985.56837502,88087788.7482915
682,45274.85343894909,4123.914666650734,202169571.40310377,88087788.7482915
683,42632.02431153309,2192.8580717927434,93573206.70799825,88087788.7482915
684,43394.329404541015,2393.571291033842,103933746.21619992,88087788.7482915
685,43034.98369884718,2288.450508072288,98613832.93647633,88087788.7482915
686,42494.64533398246,2168.650034871021,92191775.11465767,88087788.7482915
687,44125.4946586483,3112.029172126845,144940693.66132918,88087788.7482915
688,42835.855347441306,2264.3831005373545,97071085.9591941,88087788.7482915
689,42959.19904305973,2383.287614231075,102542869.58915284,88087788.7482915
690,43248.72002381587,2349.8452132996053,101807216.15325981,88087788.7482915
691,43493.513278902465,2435.8652826026578,106066586.81354472,88087788.7482915
692,42759.59670994132,2240.7055529117983,95900240.48913634,88087788.7482915
693,43238.835829541924,2359.4325904011157,102124282.28500482,88087788.7482915
694,44023.74986705937,3388.3079517885335,160032726.00562838,88087788.7482915
695,44645.85971339878,3399.124554618492,160554817.10885862,88087788.7482915
696,43208.02598609949,2480.8963323512935,107411377.2859369,88087788.7482915
697,42766.51947585025,2305.715331739626,98806447.12200029,88087788.7482915
698,43802.30190092849,3221.325007738571,151423771.67186466,88087788.7482915
699,43673.09198415603,3217.95033600844,150181829.84298325,88087788.7482915
700,43911.45783955687,3344.617773825731,155840959.43646038,88087788.7482915
701,42876.51629414676,2306.948283243129,99028546.98618127,88087788.7482915
702,42687.48994225056,2329.5500906668112,99611676.25863616,88087788.7482915
703,42894.95435166693,2272.1066439312517,97543440.53772128,88087788.7482915
704,43731.11308987902,3178.9245969020053,147999469.49323696,88087788.74829149
705,43098.71346611908,2268.5478199176273,97850197.05122766,88087788.74829149
706,43122.192867140475,2245.400142758001,96874513.11744276,88087788.74829149
707,42859.593716750205,2326.593506582053,99773422.83094387,88087788.74829149
708,42657.54925874305,2327.8586712279025,99433945.10132095,88087788.74829149
709,43030.8384378089,2370.545208889801,102169260.96962278,88087788.74829149
710,42921.92476686904,2293.481503944039,98482372.67275363,88087788.74829149
711,43305.61015749753,2234.6112479131184,96820435.98765822,88087788.74829149
712,42839.06111672482,2206.92941027694,94630541.64559384,88087788.74829149
713,42670.746965206454,2167.183232233303,92644567.84114957,87770628.76103854
714,43049.85327381983,2198.9118156938935,94780305.30938683,87770628.76103854
715,42945.949049073315,2369.2308024793992,101947761.8466644,87770628.76103854
716,43091.0855614333,2430.9474250314297,104951567.15721801,87770628.76103854
717,42643.645941178045,2246.4841261293495,95839671.20241246,87770628.76103854
718,42872.373500070535,2344.051793467176,100660817.56950288,87770628.76103854
719,42760.377571431025,2249.8855306961786,96368331.53096852,87770628.76103854
720,42614.234983836606,2534.039463898208,108052308.65482464,87770628.76103854
721,43016.20080092126,2308.496833894377,99668189.9489511,87770628.76103854
722,43961.5455837552,3333.0487651521034,156598525.8907096,87770628.76103854
723,42833.29868383312,2250.245832246008,96477525.13724661,87770628.76103854
724,42831.199375404234,2282.2211960026493,97808554.88748142,87770628.76103854
725,43069.079964685814,2287.951231582586,98655221.95425269,87770628.76103854
726,43115.903557252386,2329.3053554784797,100491899.44889757,87770628.76103854
727,43554.464141339835,3135.6533255582494,145772403.7586331,87770628.76103854
728,43408.066764580806,2408.435022941234,104767569.18983348,87770628.76103854
729,43101.75735302472,2304.2554676250675,99354819.47111359,87770628.76103854
730,43033.184163527345,2235.798762445686,96464657.75962304,87770628.76103854
731,44102.0923956137,3317.3415420463657,156604432.5381555,87770628.76103854
732,42775.71493718151,2271.2294762027113,97263220.102923,87770628.76103854
733,42920.779846259815,2218.596991606378,95489807.28311354,87746243.34669372
734,43237.418470227756,2276.4142573001654,98515632.59636599,87746243.34669372
735,42643.74265476652,2202.186401108156,93936627.52909188,87746243.34669372
736,43764.23776436433,3358.7514918468805,156099355.43366432,87746243.34669372
737,43579.71454633702,3195.863102849037,149967234.89350528,87746243.34669372
738,42874.47033194468,2336.443695574623,100433273.35851431,87746243.34669372
739,42900.423472570554,2198.8075334372434,94361625.30797064,87746243.34669372
740,43986.78151876233,3233.2475448117534,152143855.88688582,87746243.34669372
741,42651.052679057015,2218.5898723945115,94742145.98554674,87746243.34669372
742,43760.13120321218,3195.039779711444,148748910.1363252,87608700.7122015
743,42642.08331848262,2217.537009388525,94684882.76899746,87608700.7122015
744,43358.501066567005,2485.544036563966,107972708.90242226,87608700.7122015
745,42666.255932423905,2430.3203868035494,103798257.51135787,87608700.7122015
746,42586.53727833395,2173.32796543727,92564132.75784107,87608700.7122015
747,43542.08085950984,2364.0798430660107,103038939.18918459,87608700.7122015
748,42937.0876616649,2328.827364831867,100187595.35504885,87608700.7122015
749,42660.54747994682,2356.916114433284,100569975.61829986,87608700.7122015
750,42734.864325665985,2227.6562468956477,95305662.57509181,87608700.7122015
751,43719.061650228345,3341.009248425784,155318597.67526096,87608700.7122015
752,43010.70626043738,2320.664882618496,99938786.87738648,87608700.7122015
753,42517.839195488414,2307.7106501553535,98235152.92406222,87608700.7122015
754,45516.92181738476,4257.259210395283,210150922.8765015,87608700.7122015
755,42643.392382593294,2214.5504181794354,94553990.50011069,87608700.7122015
756,42549.96656968153,2375.572881757302,101261423.52179478,87608700.7122015
757,42730.37851795831,2179.0309999796455,93174783.4813153,87608700.7122015
758,42658.568967838706,2247.339033745529,95973986.23040989,87608700.7122015
759,43201.13690105462,2316.4829568882406,100361316.08482768,87608700.7122015
760,43029.24286217835,2249.6767822243514,96864117.62138894,87608700.7122015
761,43790.14037922146,3267.029359942785,151613378.77369618,87608700.7122015
762,43111.18109252869,2283.1110350753197,98506082.85935625,87608700.7122015
763,42603.99663855116,2255.141786100534,96199508.1046825,87608700.7122015
764,42801.125776377085,2284.6858180521913,98129149.22867313,87608700.7122015
765,42577.38093895245,2233.913723998918,95181864.55375639,87608700.7122015
766,43167.26098612129,2305.350548122434,99699560.59223542,87608700.7122015
767,43837.7068495791,3321.6725136285886,155914701.7085846,87608700.7122015
768,42830.2906965193,2178.108043673615,93351939.08058819,87608700.7122015
769,43152.89616614003,2313.8526246152346,100051364.98943968,87608700.7122015
770,43003.25794425411,2304.6223305276135,99276230.64214766,87608700.7122015
771,42685.13802031784,2341.8882685515855,100083590.8737633,87608700.7122015
772,44142.97768672298,3339.2894319644597,157373488.43200558,87608700.7122015
773,42763.223740898444,2270.820164611048,97206133.89868835,87608700.7122015
774,42701.58144269069,2281.4268230712773,97494353.65005401,87608700.7122015
775,42927.8786527359,2455.286264080021,105565187.11761926,87608700.7122015
776,42938.7462349063,2268.013422909945,97477723.7822906,87608700.7122015
777,42469.82896661878,2142.9615612508333,91040873.69388744,87608700.7122015
778,43141.69073781446,2352.752867682676,101664484.17587736,87608700.7122015
779,42756.69189806234,2312.633698957642,99061059.8580921,87608700.7122015
780,42497.02886818776,2214.407619692942,94278028.66531527,87608700.7122015
781,43920.30575486615,3190.0411238112474,151638128.84319142,87608700.7122015
782,42624.79384784812,2249.686786148844,96043306.3687708,87608700.7122015
783,43037.86214954467,2335.102319912518,100751645.07959923,86801915.49616624
784,44667.19887338713,3069.2300162311976,146242351.43185014,86801915.49616624
785,43710.64258065139,2345.2405533182837,102552825.99835756,86801915.49616624
786,44279.504660409526,3248.46265985581,153265839.82794735,86801915.49616624
787,44300.91192995062,3200.1250347307096,153310855.80686867,86801915.49616624
788,43391.24580778436,2254.9821795945195,97824414.43739566,86801915.49616624
789,44457.47300257939,3069.8138467590493,145004867.1379785,86801915.49616624
790,44131.6860341149,3489.296107501352,163279374.09003276,86801915.49616624
791,43184.45469793062,2157.585709714511,93284620.97079818,86801915.49616624
792,42876.54761627155,2141.722376397871,91891105.51278925,86801915.49616624
793,42988.691124410965,2148.833536423521,92414293.43891728,85652533.66562645
794,43865.32983043293,2283.672400829147,100286217.93265094,85652533.66562645
795,43916.58851269643,2148.539801548526,94444431.05061038,85652533.66562645
796,43936.05753713805,2134.8507144985074,93917823.63633317,85059487.47135884
797,43307.57292663249,2151.675125548188,93285243.78071141,84553208.89955431
798,43869.68169418482,2266.5538373321556,99767457.18295261,84553208.89955431
799,43611.16842862543,2258.396561305932,98666299.404267,84553208.89955431
800,43472.52490844948,2270.888786927396,98912241.65846887,84553208.89955431
801,43308.837300609455,2113.9106779359613,91666746.12555332,84139455.4069947
802,43031.617963629156,2154.6784581659895,92783248.78006291,84139455.4069947
803,43526.46516018071,2229.5546485953373,97149460.16256079,84139455.4069947
804,43353.49564571675,2205.799663554614,95773132.88628986,84139455.4069947
805,43618.00872095338,2294.0580112883868,100259283.82176283,84139455.4069947
806,43679.54980832812,2264.659398443987,99106277.16192456,84139455.4069947
807,44151.98451241803,3159.703258737251,150053754.76890475,84139455.4069947
808,43304.990434105064,2216.170077923149,96133943.17930283,84139455.4069947
809,43356.62916776525,2208.935759098281,95800762.95093521,84139455.4069947
810,43400.69015320156,2249.6347667963823,97968751.41970606,84139455.4069947
811,43092.41395911154,2154.1505179563724,92892942.00183283,84139455.4069947
812,42965.997292444794,2093.2680865684506,90033637.53029892,84139455.4069947
813,43348.249079949295,2202.4103327117127,95647060.3700963,84139455.4069947
814,43667.04860252449,2244.7428116687765,98295818.58671859,84139455.4069947
815,43545.794603628325,2297.802607018876,100362688.59750828,84139455.4069947
816,43152.80206839153,2104.507540367755,90855301.84541,84139455.4069947
817,42973.85540087639,2176.3418558449907,93600073.09903216,84139455.4069947
818,42884.07783738731,2211.3707380073492,94877002.69727013,84139455.4069947
819,43203.55457876542,2111.4924624604973,91306706.94667861,84139455.4069947
820,43291.84738352821,2327.0048853596827,100822469.98187432,84139455.4069947
821,43722.281102111556,2388.556200327808,104777218.7939385,84139455.4069947
822,44374.802921925926,3247.825801758473,154292062.1890368,84139455.4069947
823,43135.189281392675,2136.407909484952,92245480.93991928,84139455.4069947
824,44660.556733338795,3274.348645285395,155846846.9765746,84139455.4069947
825,43381.72002216514,2212.14242269771,96041743.19993457,84139455.4069947
826,45950.11090560574,4143.689864087671,206532314.0629334,84139455.4069947
827,43024.777069193195,2192.845794957369,94538480.95290437,84139455.4069947
828,43337.32661942148,2356.904661490399,102452524.23332652,84139455.4069947
829,42849.03865740678,2091.2644937183704,89671508.79970542,84129869.94423775
830,43372.23563888176,2150.8522488897024,93428531.44061533,84129869.94423774
831,43536.69202035567,2240.824715995558,97687076.3201991,84129869.94423774
832,43371.33434423292,2156.1592491678994,93592051.45511784,84129869.94423774
833,43217.319458497346,2245.6793450760533,97153146.80701277,84129869.94423774
834,44245.8389669698,3235.987024614079,153913214.84075513,84129869.94423774
835,43253.87134958944,2308.1453120400547,99926180.33151683,84129869.94423774
836,43508.5757296442,2212.5827263449505,96443227.87321529,84129869.94423774
837,43564.795085531674,2266.4570844023947,99062481.71043473,84129869.94423774
838,44244.518998871536,3236.599159173559,153906608.94722196,84129869.94423774
839,43212.78882220334,2193.3211646344325,94888799.48867035,84129869.94423774
840,43241.385657020306,2191.8580883249915,94879591.45541735,84129869.94423774
841,43527.044131000875,2194.0541702059904,95685982.85018681,84129869.94423774
842,44381.73997814856,3251.9319658864074,153475169.34498596,84129869.94423774
843,43399.61335862996,2207.6516630750657,95962036.21444805,84129869.94423774
844,43305.385635856,2277.599618621175,98648221.22064559,84129869.94423774
845,43382.47769965535,2206.7225317371717,95842177.85684647,84129869.94423774
846,43423.81231829119,2158.673151956921,93921499.92672613,84129869.94423774
847,43345.8958247525,2362.788051220465,102815774.64024773,84106032.52685921
848,43261.74175762766,2185.8476204654085,94616745.54305533,84106032.52685921
849,43201.60639652891,2069.89261372915,89534220.99574131,84106032.52685921
850,43094.47379828685,2218.486227944167,96039333.40221865,84106032.52685921
851,43468.15331902852,2407.596930618256,104939576.5284987,84106032.52685921
852,44327.2381020357,3150.466880501055,148722674.06946263,84106032.52685921
853,43089.54348205883,2150.742798871602,92785319.20307392,84106032.52685921
854,43681.64863778609,2253.5057415022866,98651900.36450228,84106032.52685921
855,43498.659729464904,2241.888462709213,97692022.72235945,84106032.52685921
856,45273.348848752816,4188.840351606981,208730488.31428128,84106032.52685921
857,43292.80057267698,2141.7713340900173,92836208.39028007,84106032.52685921
858,43342.72046195311,2259.8301161452314,98231854.59471251,84106032.52685921
859,43254.872450210605,2308.2890065464317,99990997.64652024,84106032.52685921
860,43714.92367641706,2130.5803603368972,93425546.17911926,84106032.52685921
861,43438.642857529485,2275.3713014730774,98974983.68087679,84106032.52685921
862,44924.2189393844,3373.9284669892245,160710587.01315874,84106032.52685921
863,43170.77546486518,2159.41861956739,93293099.62958574,84106032.52685921
864,43073.73453492766,2081.870960513629,89742309.79054746,79536593.69093902
865,43380.47468694295,2114.956741143461,91924103.69963749,79536593.69093902
866,44607.57854025307,3181.0371693652087,151227823.4095732,79536593.69093902
867,43408.21955908275,2185.175112564338,95051782.67137338,79536593.69093902
868,43704.441720843686,2253.391716452622,98592226.39366552,79536593.69093902
869,43566.89513779194,2083.5567608642987,90981156.6832353,79536593.69093902
870,43858.88017894341,2158.2492341730185,94801017.07358465,79536593.69093902
871,43618.70327587105,2336.894058255838,102049051.56330582,79536593.69093902
872,43378.97008309353,2009.312914288581,87236635.57355788,79171921.68678512
873,43430.022774249606,2175.7726082135214,94598097.1361235,79171921.68678512
874,44962.3770678977,3149.963193641283,152491924.17909798,79171921.68678512
875,43167.64473629447,2013.9109040135202,86983528.02301636,79171921.68678512
876,44791.26864644893,3280.3164662496797,156811843.0317184,79171921.68678512
877,44504.30523321906,3047.4371622274484,145351084.01326114,79171921.68678512
878,44994.60459983786,3244.4577308435705,155361567.60875753,79171921.68678512
879,43125.48799264198,2097.4384187696096,90595037.92416784,79171921.68678512
880,43187.40695002045,2134.6746962111383,92404932.10896556,79171921.68678512
881,43264.96992354542,2035.5853113535177,88176103.11733489,79171921.68678512
882,43252.0761796131,2217.881457985629,96053928.26547542,79171921.68678512
883,43261.15882189954,2073.19310314348,89904830.61726408,79171921.68678512
884,43708.54737076296,2172.798341587279,95222006.41738857,79171921.68678512
885,45385.781699520456,4018.308431029579,201147741.26173097,79171921.68678512
886,43611.44347268092,2127.543250231638,93087708.17246762,79171921.68678512
887,43643.04897338582,2187.876728417298,95639598.34801014,79171921.68678512
888,43167.483192367334,2249.731517945425,97194156.2399801,79171921.68678512
889,43972.74546024037,2301.2152641698885,101435345.629985,79171921.68678512
890,43656.5915069862,2062.499998656186,90149177.01853874,79171921.68678512
891,43474.43585433454,2201.0304344023043,95832618.76345947,79171921.68678512
892,43722.811802562566,2318.0919965045423,101574549.06650999,79171921.68678512
893,43186.447009075586,2101.191937455614,90949420.7830275,79171921.68678512
894,44596.75484029881,3280.723297385726,155622696.5416904,79171921.68678512
895,43507.10954010762,2214.4871671622377,96501761.89296107,79171921.68678512
896,43388.41836751009,2066.529810460813,89775102.80608031,79171921.68678512
897,43714.581675949645,2402.2438328435505,105241920.87339213,79171921.68678512
898,43189.8547214502,2055.8775231263867,89015410.01862444,79171921.68678512
899,43283.9037741116,2094.2583974878157,90855222.4955891,79171921.68678512
900,42893.6521480844,1943.8929432633056,83412323.11689869,79171921.68678512
901,43397.12569225442,2173.5778612254376,94671370.64325248,78935202.82820667
902,45620.53998985712,4016.426382553157,200748570.92821425,78935202.82820667
903,44470.52329645517,3117.244350960439,148538104.22202542,78935202.82820667
904,44414.39718272808,3013.2689092564,143096535.42908522,78935202.82820667
905,44382.81591355344,2954.7956168559854,141181237.93015605,78935202.82820667
906,43498.73770333968,2104.8354120848335,91630425.2549377,78935202.82820667
907,43818.248320874976,2266.2978764329737,99580567.94518961,78935202.82820667
908,43463.31398010456,2237.679763838856,97414050.02652714,78935202.82820667
909,43809.90115255858,2195.192528855573,96322741.60312326,78935202.82820667
910,44730.957156695724,3226.213304173717,153272826.96295252,78935202.82820667
911,43208.738900681594,2022.2107253534007,87460036.04306188,78935202.82820667
912,44449.05918270617,3152.4258944392345,149483990.23635554,78935202.82820667
913,42968.864529939114,1998.8745968560902,85963804.44688007,73916552.5000998
914,43357.52712314176,2174.55324290841,94369001.17142528,73916552.5000998
915,45040.050550297216,3308.6441650597762,158940846.97048146,73916552.5000998
916,42904.842550110494,1956.4157150168346,84063085.45541361,73916552.5000998
917,44768.38358195846,3242.0184632943374,154661356.4172327,73916552.5000998
918,43436.56674345045,2192.6087937882003,95291863.17703839,73916552.5000998
919,43629.13318684943,2174.352433337524,95214624.6352562,73916552.5000998
920,43172.66992776282,2078.7988240412005,89896403.98307678,73916552.5000998
921,44655.60330822286,3218.602985237546,152907108.74757177,73916552.5000998
922,44706.34655118718,3360.8026145984377,158620037.92358696,73916552.5000998
923,44325.28846680898,2992.999058555135,142489785.76407832,73916552.50009978
924,43537.59917005931,2172.060284489519,94965210.6481519,73916552.50009978
925,43178.79670623699,2187.2827417016247,94609782.6935143,73916552.50009978
926,44220.5184924817,3039.1364711495416,144220997.86557275,73916552.50009978
927,44294.3485345669,3051.6230537256515,145737723.36265746,73639094.08746976
928,42982.27515945791,1957.424037780438,84213936.6255909,73639094.08746976
929,43173.421515184935,2088.717629732847,90335808.76099059,73639094.08746976
930,42859.36528849193,2118.5308700079963,90769089.48930468,73639094.08746976
931,42881.3709738945,2083.201548700914,89511994.33209302,73590211.16068548
932,43521.80280678293,2341.7069638658027,102112037.85954595,73590211.16068548
933,42947.05212732563,1982.0655946670154,85201314.89906156,73590211.16068548
934,43523.21452298017,2235.6590187164406,97462171.68812522,73590211.16068548
935,43550.75304475347,2183.7758700407335,95620899.41697858,73590211.16068548
936,44634.156175612276,3001.631261356998,141481908.2836519,73590211.16068548
937,43227.82880977802,2017.9029208817367,87336405.79837391,73590211.16068548
938,43211.32919871349,2102.9942298135015,91110964.84822205,73590211.16068548
939,43261.13249836304,2143.993788191941,92986168.6134347,73590211.16068548
940,43492.26956946018,2190.3218577633133,95682122.29571804,73590211.16068548
941,43578.60539985205,2056.6768417543817,89831044.46604626,73590211.16068548
942,45370.45914159379,4269.873942386156,210752818.8386868,73590211.16068548
943,43426.06751020049,2144.3087532729755,93423358.38780597,73590211.16068548
944,43323.05618550539,2181.8387626559806,94833946.10010922,73590211.16068548
945,43794.69212912685,2281.452792787577,100133580.99893792,73590211.16068548
946,44391.16859381435,3192.0914800733426,150950878.14951053,73590211.16068548
947,43596.68123100033,2159.147682791508,94300316.31739147,73590211.16068548
948,43454.11967163535,2178.0773366602475,94836831.22448403,73590211.16068548
949,43503.38626280236,2171.9096236080304,94897429.81277518,73590211.16068548
950,43383.7035012129,2213.8164798609587,96326142.34380613,73590211.16068548
951,44541.623172959895,3177.733852144457,151258536.10535058,73590211.16068548
952,43272.472555932814,2062.3123755466895,89389336.48065642,73590211.16068548
953,43250.90320447956,2079.7257193736978,90071650.72725789,73590211.16068548
954,44439.5369165101,3268.90128334382,156132771.73893467,73590211.16068548
955,43299.1170992285,2220.639646237402,96279017.1430367,73590211.16068548
956,43160.41935924847,1958.5554164180899,84751561.6907982,73590211.16068548
957,43329.23149347266,2169.3059264400554,94148378.07806297,73590211.16068548
958,43398.34959866684,2151.807998435312,93573623.56251805,73590211.16068548
959,43214.37148117005,2075.941753900655,89796809.85151908,73590211.16068548
960,43033.1347892121,1981.1870474289476,85428748.59006646,73590211.16068548
961,43282.68349035891,2056.275363343334,89221847.3548994,73590211.16068548
962,43267.337261700595,2060.009920162708,89333124.15175155,73590211.16068548
963,44910.49928757226,3295.8121566274,156891956.441299,73590211.16068548
964,43056.70363391093,2050.891243880267,88426375.6203533,73590211.16068548
965,43513.75576245875,2027.3962421670549,88544871.07763611,73590211.16068548
966,43022.66254540313,2071.1802771898306,89213889.98579359,73555093.29364285
967,43374.45553010759,2171.0290433485006,94464751.99562423,73555093.29364285
968,43083.45896054903,1990.9457919696804,85913306.98990735,73555093.29364285
969,43309.828291978185,2020.4523986759145,87735980.64627281,73555093.29364285
970,43480.37101510358,2107.2718525002415,91773683.1924572,73555093.29364285
971,43201.237577704465,2107.147082171993,91254581.56560297,73555093.29364285
972,43376.25312813645,2245.652648473234,97593447.2844428,73555093.29364285
973,43239.98945173191,2151.488761023647,93271598.74847394,73555093.29364285
974,43380.639199126,2077.5452766454996,90383903.47207922,73555093.29364285
975,43060.40383437827,2001.5599888789814,86358796.86229147,73555093.29364285
976,43766.562701972594,2214.409391049502,97120227.54506142,73555093.29364285
977,43406.779348629185,2034.198912863071,88567258.5209557,73555093.29364283
978,43282.230572583605,2107.9078145961953,91485557.42019156,73555093.29364283
979,42923.20391581704,2038.7576513295298,87705606.0428572,73555093.29364283
980,43525.45555478796,2193.0651571561325,95796379.35107644,73555093.29364283
981,43288.83706316419,2037.1566583291672,88248746.63536835,73555093.29364283
982,44041.9884849876,2441.3936375115563,107815326.7542816,73555093.29364283
983,43545.54542627056,2312.227767818869,100970880.4493576,73555093.29364283
984,43041.78261114915,2009.0165660344471,86628524.64184618,73555093.29364283
985,43397.60983492697,2089.952500547847,90981063.88332239,73555093.29364283
986,43260.398512179454,2154.4291832904923,93247783.49159333,73555093.29364283
987,43408.267027196656,2025.5208780478151,88149790.96649283,73555093.29364283
988,43288.13366730959,2261.2591180758413,98130047.28606147,73555093.29364283
989,42886.98307500662,1885.7236307010182,80917450.1789678,72619859.7998082
990,43125.14128230381,2086.8407350140405,90152319.87886035,72619859.7998082
991,43249.396335264144,2074.9286841361004,90034706.70351352,72619859.7998082
992,44629.01018810655,3141.073528829635,149665929.77378896,72619859.7998082
993,43628.44475099975,2207.7720078669017,96439111.35128465,72619859.7998082
994,43079.970461369456,2043.3003164493198,88235601.0464538,72619859.7998082
995,43397.55358867964,2374.574625470388,103465914.60061648,72619859.7998082
996,44054.22463738481,2286.380395774449,101082153.97503641,72619859.7998082
997,43424.67147985119,2046.964086877914,89025208.79209797,72619859.7998082
998,43413.82566502872,2225.999321514604,96897250.0765115,72619859.7998082
999,43813.292870937614,2350.398852621376,103297281.36994871,72619859.7998082
1000,43691.89950247827,2340.627807224947,102385474.83559915,72619859.7998082
1001,44407.53547694064,3138.981043177641,148303869.03144175,72619859.7998082
1002,44223.46574848436,3014.632016091671,143713093.67726782,72619859.7998082
1003,43339.14455546056,2036.828635928777,88531178.86296344,72310557.90676808
1004,45462.36053847319,3909.719754381361,197550749.41828886,72310557.90676808
1005,43177.77624091903,2187.4922940567435,94617667.69965288,72310557.90676808
1006,43159.957864535914,2068.889826423589,89573189.25428791,72310557.90676807
1007,42904.7175271769,2188.2489732616314,94050713.46600774,72310557.90676807
1008,43108.39591710242,2116.8780996669834,91534572.61619139,72310557.90676807
1009,44460.18062589383,3219.400319196043,155335415.35281706,72310557.90676807
1010,43042.71228603042,2030.6036143650872,87596452.82931817,72310557.90676807
1011,43084.12219950757,2075.0461020191233,89568615.72469786,72310557.90676807
1012,42834.81404547712,2090.7605172240997,89908440.53233908,72310557.90676807
1013,43092.710585243105,2100.5675673814667,90672885.59468101,72310557.90676807
1014,43478.3903369904,2173.1725575698892,94748702.21141282,72310557.90676807
1015,43028.562552782896,2077.0453928214274,89612312.43689094,72310557.90676807
1016,43721.50981422011,2370.9804671052616,104220000.147176,72310557.90676807
1017,42871.75801662677,1996.9220791281473,85729598.58006439,72310557.90676807
1018,43375.235126696025,2250.260041079108,97750285.4438195,72310557.90676807
1019,43808.59044191519,3014.9248032779706,141243942.8528536,72299562.51957312
1020,44450.15239332064,3291.2143777514893,155417204.97323903,72299562.51957312
1021,42954.66258281701,1954.5537290291675,84076280.5699319,72299562.51957312
1022,42962.258372791504,2054.481070122827,88473853.62718154,72299562.51957312
1023,43861.368806100734,3020.45601464206,141999458.22801203,72299562.51957312
1024,42973.94959949494,2151.0721477215075,92662655.84050238,72140750.06154504
1025,42940.99175495837,2045.7653567025395,88078955.90073617,72140750.06154504
1026,42883.0428554142,2004.8570219124408,86090943.96389805,72140750.06154504
1027,44344.10778291889,3159.72309244178,151833759.84918588,72140750.06154504
1028,43038.648296210646,2237.877263936004,96551859.22928947,72140750.06154504
1029,44134.626556267176,3112.30296185653,146219462.73667794,72140750.06154504
1030,42905.209402794426,2052.5451804158997,88164377.19280055,72140750.06154504
1031,44354.37203918314,3188.873017502019,151917722.1475124,72140750.06154504
1032,42958.88437346825,2180.2664012873765,93825015.30575028,72140750.06154504
1033,43056.11757922726,2132.630596403284,92043830.01137786,72140750.06154504
1034,43245.85820212546,2032.1722736917714,88101377.7812375,72140750.06154504
1035,42867.63718087981,2063.6302176803465,88706571.83967625,72140750.06154504
1036,43044.73321094546,2116.786394160856,91273148.948908,72140750.06154504
1037,42665.35214721496,1911.7659583585198,81650704.46152422,72140750.06154504
1038,43179.36158636296,2316.4969967212223,100257900.65505943,72140750.06154504
1039,42975.695129463515,2147.089420501707,92580269.11508486,72140750.06154504
1040,43063.06034880298,2178.095337368826,94159952.66681865,71191555.81471956
1041,43494.22194362057,3096.6770084225536,143508255.19803032,71191555.81471956
1042,42889.24498007326,2370.8627184800125,102024722.25553599,71191555.81471956
1043,42278.678606682886,2120.593949234301,89854895.70990083,71191555.81471956
1044,42062.990864240135,1954.0336488526307,82267169.8398346,71191555.81471956
1045,43602.64036005306,3166.116116561293,150726316.09906,71191555.81471956
1046,42660.09699362675,2090.690999885025,89414915.4843641,71191555.81471956
1047,42789.50640524198,2226.0459525256806,95490468.93456437,71191555.81471956
1048,42290.892358690835,2041.691581279963,86698852.9523417,71191555.81471956
1049,43799.59978713087,3173.2150718309977,148031517.9940495,71191555.81471956
1050,42295.96051503965,2148.3063509111466,90953353.23866941,71191555.81471956
1051,42852.81012226967,2270.851257297224,97506190.49632004,71191555.81471956
1052,43568.437303889856,3150.2299163898037,147329261.07351887,71036964.65289392
1053,42541.118996789926,2181.194339649527,93145762.28871666,71036964.65289392
1054,42503.49910132708,2098.145334031724,89321135.57252255,71008374.74997297
1055,42189.07344836959,2066.600424345739,87277225.64063533,71008374.74997297
1056,42593.427339623486,2067.949428331417,88380826.42339315,71008374.74997297
1057,42431.383986479384,2066.5855973241523,87801486.90603212,71008374.74997297
1058,42552.689896917356,2261.3611817556107,96486883.4354346,71008374.74997297
1059,43388.0880632864,3280.656687532627,153071669.4495295,71008374.74997297
1060,42328.20895066718,2061.12800763442,87500272.0354744,71008374.74997297
1061,42549.31472840287,2106.4703771240665,90063729.48186259,71008374.74997297
1062,42593.266166797715,2032.9644528949862,86810092.6775127,71008374.74997297
1063,43489.89994831632,3233.877009503122,150671913.4295593,71008374.74997297
1064,42241.0792960331,2085.400627438911,88313057.37589425,71008374.74997297
1065,42389.490587340806,2224.158483060157,94545874.75885125,71008374.74997297
1066,42449.5094409583,2016.4878731933532,85707459.60332274,71008374.74997297
1067,42097.9967565689,1921.0247694658835,80956504.41841975,71008374.74997297
1068,43067.002460524105,3104.8193027075104,142985997.80579424,71008374.74997297
1069,42124.97414083286,2089.359020645422,88289957.84309126,71008374.74997297
1070,44344.51490265921,4184.589973819264,203470589.75353068,71008374.74997297
1071,42183.45925783665,2113.1978077096583,89398381.96530674,71008374.74997297
1072,43048.49845044358,2940.6549225079457,135967484.37576154,71008374.74997297
1073,42050.77308627296,1980.3155082764438,83391704.72815964,71008374.74997297
1074,42355.26441896101,2141.541345535552,90852494.68742345,71008374.74997297
1075,43843.91205649135,3308.7876003344586,155379411.5009892,71008374.74997297
1076,42633.24387343859,2249.516556678241,96516015.97449075,71008374.74997297
1077,43356.07317828463,3139.5897078887656,145969223.3070137,71008374.74997297
1078,42059.52577320738,2094.5593582747797,88287770.61439322,70885388.36478761
1079,42231.41352265018,2056.9778989882416,87060783.2850748,70885388.36478761
1080,42144.95572748451,1990.404232356726,84140887.9140447,70885388.36478761
1081,42379.79942346677,2067.1846542961534,87857368.26687548,70885388.36478761
1082,42125.20895070635,2003.2098770988,84532904.9601135,70885388.36478761
1083,42023.974472226284,2095.5927250552113,88134016.07197675,70885388.36478761
1084,41772.92237619792,1866.98439071322,78062361.95814359,70885388.36478761
1085,43472.0067214663,3060.1078629959447,142028111.56792408,70885388.36478761
1086,42073.27722927244,2099.3486909126727,88456736.58550943,70885388.36478761
1087,43179.877701520105,3065.067871900882,143146445.1023442,70885388.3647876
1088,41989.148610848395,1979.6646555577627,83281221.92153028,70885388.3647876
1089,42231.262093218815,2182.0444961725975,92368138.85634759,70885388.3647876
1090,42218.78904101731,2076.3595070008423,87794359.84955548,70885388.3647876
1091,42294.24132818195,2043.6919666842573,86719950.23656936,70885388.3647876
1092,42371.560584326464,2113.145675681515,89696590.51578882,70885388.3647876
1093,42568.45674318091,2134.605523781872,91221200.8772768,70885388.3647876
1094,42234.7655233642,2191.887027151412,92657790.64019558,70885388.3647876
1095,42789.12761038077,2376.8117122439303,102064423.16481945,70885388.3647876
1096,42285.975131660794,2099.1197630230645,89010951.82929328,70885388.3647876
1097,43715.14128804018,3191.0248668285935,150699675.80918926,70885388.3647876
1098,42178.98888095284,2129.739774223404,90066394.77567473,70885388.3647876
1099,42264.63960989118,2220.754450499633,94075286.30755524,70885388.3647876
1100,42048.17990919673,2137.2960374217996,90085619.59816995,70885388.3647876
1101,42218.38121587939,2149.9615479444515,91056256.43992612,70885388.3647876
1102,42890.46020430489,2217.356923484025,95319027.65217502,70885388.3647876
1103,42131.127401160236,2105.2361181546667,88850561.44361006,70885388.3647876
1104,42096.03650097507,2065.359237909909,87166815.29467463,70885388.3647876
1105,42447.774861720056,2206.877384776611,93884466.57170954,70885388.3647876
1106,41926.278925983104,2079.2054309334662,87268046.93529429,70885388.3647876
1107,43179.36531595861,3022.250546621687,140620522.13532728,70885388.3647876
1108,42580.94786827175,2206.0538750107553,94129726.75618432,70885388.3647876
1109,42608.498825830546,2154.533454224789,92143772.37147965,70662555.81808425
1110,42314.48356658215,2126.4308896899142,90092574.24094318,70662555.81808425
1111,41996.07112612665,2077.677967318214,87431528.74153586,70662555.81808425
1112,42323.21563113731,2126.3242720233416,90430315.5082078,70662555.81808425
1113,43244.859667209974,3129.5239573547533,144955527.52443832,70550357.93314926
1114,41770.335748948666,1951.6470395907418,81623887.62270741,70550357.93314926
1115,43266.94420023877,3138.1431873196134,145702205.96420774,70550357.93314926
1116,44136.06264170195,4040.413020797304,195649326.57472974,70550357.93314926
1117,42248.380881961166,2088.183616901957,88433375.97411796,70550357.93314926
1118,42819.339405185034,2893.8692345767017,134058783.17578793,70550357.93314926
1119,42252.6332621046,2159.8753320432324,91572808.29396185,70550357.93314926
1120,42220.44219024986,2138.5380286496356,90469305.07777779,70550357.93314926
1121,41886.97523969622,2146.6231147521175,90097627.05989483,70550357.93314926
1122,43163.5288997914,3071.8116088471475,142251311.29057398,70550357.93314926
1123,42025.012258607196,2087.6934702730605,87872276.86684199,70550357.93314926
1124,42010.02314836907,2051.478822357876,86428325.70859304,70550357.93314926
1125,41990.47664488804,1988.7072697384224,83748952.9044002,70550357.93314926
1126,41965.584447378686,1984.5534957684388,83398339.9848541,70550357.93314926
1127,42064.745665444796,2187.634889611397,92375731.81180933,70550357.93314926
1128,41895.96254030482,1981.4068310725263,83136680.00985982,70550357.93314926
1129,42262.517698276424,2251.597010532709,95288108.7849544,70550357.93314926
1130,41816.81489506716,1981.1695689491517,82971312.25428198,70550357.93314926
1131,43093.15288074173,3111.316212460574,144130944.2099561,70550357.93314926
1132,42082.599855935056,2178.4262956703196,91753217.38025741,70550357.93314926
1133,41924.85594194439,2059.1077240102722,86585443.77895926,70550357.93314925
1134,42189.831531313226,2044.8238141476024,86544436.92938176,70550357.93314925
1135,42093.32508128547,2117.734042243111,89490271.66976306,70550357.93314925
1136,41637.00662083896,1949.4312407274076,81344769.8769408,70483383.58315526
1137,42844.776787581046,2903.0631847975574,132690499.6793476,70483383.58315526
1138,41945.2002248006,2166.450311136573,91394765.47057065,70483383.58315526
1139,41237.934944104694,1766.6364354729144,72856958.88479164,70483383.58315526
1140,41752.3696306328,2054.3952680107695,85923309.71421628,70483383.58315526
1141,41884.66725067653,2146.786670843744,90093460.99563962,70483383.58315526
1142,41655.44200469718,2059.0300361448462,85856419.00554669,70483383.58315526
1143,41675.8551825157,2013.5770042944732,84097218.67554396,70483383.58315526
1144,41691.80014306029,1873.6291841149086,78271338.79821482,70483383.58315526
1145,42154.06906580097,2228.0642211006225,94128596.78389284,70483383.58315526
1146,41977.809079084065,2082.9842386564555,87722449.99337439,70483383.58315526
1147,41886.573702493835,2026.053861359361,85112545.45120052,70483383.58315526
1148,41774.86869134336,2087.623618981029,87369442.71792509,70483383.58315526
1149,42103.75785223588,2004.1671043485917,84563790.89902182,70483383.58315526
1150,42927.900675783356,2997.413095768915,138595234.19180602,70483383.58315526
1151,43185.720997370794,3084.610091975862,144611041.85946527,70483383.58315526
1152,43078.25054708764,3103.108768539637,142740097.2530355,70483383.58315526
1153,41796.69414062229,1991.239810476924,83521037.58509499,70483383.58315526
1154,41906.121454969805,2171.316558392045,91038649.82603103,70483383.58315526
1155,42903.670986306744,3037.611292278196,139087481.37475768,70483383.58315526
1156,41777.509425503275,1948.6938248592821,81579099.18056776,70483383.58315526
1157,41930.5920042776,2142.5003178212573,90078125.38099827,70483383.58315526
1158,44358.24252870185,4169.67681294367,200613313.21442923,70483383.58315526
1159,42150.39784323909,2169.573350675622,91697774.46665713,70483383.58315526
1160,43064.985703663355,2366.336272899855,102557733.62046352,70483383.58315526
1161,42011.16322436093,2101.463667848318,88549406.24087289,70483383.58315526
1162,42656.41765499498,2926.73933615227,134799023.06289548,70483383.58315526
1163,45139.09191866904,5135.109408478302,254094784.87744132,70483383.58315526
1164,43033.31052799697,2912.2475104905725,134328142.9422527,70483383.58315526
1165,42060.54443521619,2129.422467505767,89751825.33298758,70483239.39335902
1166,41867.77649364749,1945.7763607171903,81582147.8143065,70483239.39335902
1167,41723.31550479877,1872.5029209279164,78261057.52183631,70483239.39335902
1168,41630.94854314649,1867.3123976366053,77821713.25033727,70483239.39335902
1169,42010.074178116636,2073.853810724502,87419960.48970863,70483239.39335902
1170,41850.11472983357,2085.6197607432723,87524828.92635386,70483239.39335902
1171,41746.079808052076,2063.3548487151434,86309237.31095237,70483239.39335902
1172,42650.10985282396,2445.3754189859815,104746624.8421869,70483239.39335902
1173,41704.989327804855,1949.2069885702906,81362764.09752601,70483239.39335902
1174,42024.667963052765,2085.4462831337005,87932624.10838842,70483239.39335902
1175,42062.50261511533,2110.9905964716254,88972901.48324457,70483239.39335902
1176,42042.864856029555,2189.1220927716795,92192561.26722653,70483239.39335902
1177,42034.72038386568,2270.454229145339,95682368.3371141,70483239.39335902
1178,42055.688893338236,2051.7895902673795,86483950.2310035,70483239.39335902
1179,41952.566325532694,2144.9737656842635,90278479.8356213,70483239.39335902
1180,41889.42512387333,2027.5669940562268,85143624.07088247,70483239.39335902
1181,41634.14180927955,2055.35617209808,85686678.79385285,70483239.39335902
1182,43068.420635118935,3160.8696919010376,144746778.69083366,70483239.39335902
1183,42119.00946092083,2102.274690081883,88816410.50798187,70483239.39335902
1184,42006.88074141434,2129.0269147088998,89653491.03514618,70483239.39335902
1185,41823.09681697919,2152.396686648011,90139862.5238277,70483239.39335902
1186,43142.79910891362,3233.2778934794333,148448933.4758774,70483239.39335902
1187,41836.33431620096,2168.3760400251094,90863408.9295848,70483239.39335902
1188,41802.013394075555,1999.7140362053938,83781473.59778377,70483239.39335902
1189,41918.72908931323,2097.5591845088575,87989632.48454835,70483239.39335902
1190,41777.003827138586,1965.4404053320281,82200269.71360466,70483239.39335902
1191,41896.46212864386,1968.4311074727314,82595395.6718844,70483239.39335902
1192,41705.85439455808,1939.0318067092062,81045445.18116085,70483239.39335902
1193,42156.79977097658,2064.07933964397,87181682.45293781,70483239.39335902
1194,41896.11611353398,2120.538449659976,88948250.98474994,70483239.39335902
1195,41646.619144633594,2003.8998885972555,83539272.52595523,70483239.39335902
1196,41812.86345504969,2159.701766931511,90368453.10090913,70483239.39335902
1197,42978.194491962524,3102.2587592056216,142670082.6511448,70483239.39335902
1198,42960.9553573829,3029.4630835676667,139633645.54361838,70483239.39335902
1199,41803.59809208301,1985.9045039835692,83206540.118785,70483239.39335902
1200,42191.72051851961,2115.476948121518,89460861.05079783,70483239.39335902
1201,41854.51893987542,2124.822439030965,89185991.85752258,70483239.39335902
1202,42233.88092090509,2187.4568167756493,92685679.46720526,70483239.39335902
1203,41719.47225881359,2032.5851883577755,85043690.24656408,70483239.39335902
1204,43353.88717370464,3099.0864873067453,144534588.2790475,70483239.39335902
1205,43173.683815012846,3066.481787857267,142650117.8226747,70483239.39335902
1206,42266.86464890877,2201.9663800318294,93265880.2784899,70483239.39335902
1207,43217.89484822216,3119.795510563969,144678375.05279583,70483239.39335902
1208,41886.67180521648,2027.9838681888282,85107840.19221789,70483239.39335902
1209,42943.55840679337,3029.3906076506646,139624083.80388483,70483239.39335902
1210,42430.70319396194,2431.6197408068133,103354060.20926835,70483239.39335902
1211,41884.17831003251,2009.7222088333474,84288706.31578425,70483239.39335902
1212,41777.57750995623,1987.624240664014,83328097.27308457,70483239.39335902
1213,41735.41276411233,2280.433128360992,95340167.09829931,70483239.39335902
1214,42669.00961224198,3073.570595246544,141572046.31983972,70483239.39335902
1215,41719.469983457646,1956.8637283492922,81810150.1989149,70483239.39335902
1216,41882.67640912639,2010.9241090353335,84409091.39282678,70483239.39335902
1217,41856.09935623304,2092.186307001867,87716928.82980523,70483239.39335902
1218,42242.74997569945,2256.6698414354896,95516225.29672952,70483239.39335902
1219,42038.98745028002,2128.8862088853048,89711544.87705621,70483239.39335902
1220,42294.599189739936,2365.110473253988,100325696.14164352,70483239.39335902
1221,41973.8356752454,2030.9713620579946,85495562.74872157,70483239.39335902
1222,41813.17225750588,2164.6527611082474,90620825.99737354,70483239.39335902
1223,41862.28392903558,2214.562593589061,92856224.99436812,70483239.39335902
1224,41757.62052995539,2042.4545688728344,85453822.55182149,70483239.39335902
1225,42946.21465225027,3214.1590145037103,148161413.84408394,70483239.39335902
1226,43342.70029179564,3266.6098033000426,152275895.6113128,70483239.39335902
1227,41754.15451567848,2068.5506094201573,86388978.44520928,70483239.39335902
1228,42004.80501636829,2058.3299380269514,86736341.52619721,70483239.39335902
1229,41836.36065158199,1968.7273158329983,82523859.38923529,70483239.39335902
1230,41930.15354925918,2058.480584914189,86511016.22097293,70483239.39335902
1231,43337.96537209948,3441.147266152474,158119496.0406164,70483239.39335902
1232,42552.75106567725,2459.4706346230605,104947927.6008812,70483239.39335902
1233,41727.34008677623,2084.7305813444564,87094128.60006855,70483239.39335902
1234,41962.31134648307,2121.813456256493,89107922.85834935,70483239.39335902
1235,41938.544900660956,2105.9141583337346,88650801.47033909,70483239.39335902
1236,41810.4652404586,2011.5970461864295,84265927.34603289,70483239.39335902
1237,42122.02537829308,2154.8214213683805,90828911.91189815,70483239.39335902
1238,42341.88533374575,2027.9225601111277,86111597.54507723,70483239.39335902
1239,41823.396717402684,2090.7998887179315,87576565.21970849,70483239.39335902
1240,42121.727837248225,2108.3740519421945,89045703.82196835,70483239.39335902
1241,41804.123460871844,1970.291109554404,82466677.51558496,70483239.39335902
1242,41933.31203054242,2016.7975584999283,84701864.89088872,70483239.39335902
1243,42054.75477565167,2012.2529152052225,84857737.1585713,70483239.39335902
1244,42172.37843050291,2113.928319128593,89586553.12511465,70483239.39335902
1245,42453.80465689683,2905.6944008921973,132923616.10698597,70483239.39335902
1246,41911.45445389118,1955.003913473586,82192807.77909477,70483239.39335902
1247,42030.836051909406,2122.1736517975974,89467446.05244887,70483239.39335902
1248,41938.37144030041,2225.837938882842,93597318.55067323,70483239.39335902
1249,41777.974474515984,2213.612801927804,92603161.60215886,70483239.39335902
1250,42113.922998222246,2163.883282962933,91337043.42340471,70483239.39335902
1251,42246.07123239462,2356.048636849477,99674806.62237743,70483239.39335902
1252,41949.864816203495,2213.891918616739,92998712.98718181,70483239.39335902
1253,41915.0528406006,2014.020516608256,84631411.41517518,70483239.39335902
1254,43024.85414610336,3245.8580073699245,149287073.28028163,70483239.39335902
1255,41541.61138462867,2013.9146500713516,83783147.60702498,70483239.39335902
1256,41834.539157228115,2115.8034078857254,88731224.7759682,70483239.39335902
1257,41952.626457253384,2089.9574865467757,87928653.2215165,70483239.39335902
1258,42911.1051624636,3150.2186487430763,145126488.12309268,70483239.39335902
1259,43007.441746544006,3147.2289652626823,145498492.11626032,70483239.39335902
1260,42071.39813332101,2206.4352108566186,93081480.31529917,70483239.39335902
1261,42580.81564026933,2780.4277214732383,128902587.73735619,70483239.39335902
1262,41829.95795568845,2078.343497069057,87174836.96292078,70483239.39335902
1263,41988.7014623358,2117.506931553876,89109557.37228012,70483239.39335902
1264,41832.03236529762,2030.9276762891543,85268592.59592475,70483239.39335902
1265,41832.72614850523,2063.433361043299,86358058.77508445,70483239.39335902
1266,42084.26140435652,1936.3678672865894,81577314.89035964,70483239.39335902
1267,41943.31644213076,2000.859655445547,84039913.26642886,70483239.39335902
1268,41855.88119499339,2022.015895797389,84792332.5196967,70483239.39335902
1269,41975.60118858809,2002.43682881609,84172573.19363101,70483239.39335902
1270,42892.77994988762,2825.847236919627,132977335.25298378,70483239.39335902
1271,42082.883466353036,2209.647596614203,93246613.21693927,70483239.39335902
1272,42050.08877949319,2133.606176806785,90086825.69004802,70483239.39335902
1273,43043.29418028996,3199.650351989312,145607145.8190831,70483239.39335902
1274,42251.377962924504,2262.1252925474546,95741478.49391492,70483239.39335902
1275,42280.233544053764,2229.612002189507,94422360.51163156,70483239.39335902
1276,42050.655985709476,2044.9325433035228,86164889.78835079,70483239.39335902
1277,41705.929702083595,1926.2942959024367,80416307.72551979,70483239.39335902
1278,41969.333298208265,2152.224476961379,90424922.85530643,70483239.39335902
1279,42235.10212253999,2105.255251458796,89052249.55782627,70483239.39335902
1280,41741.87953353372,1983.8679265811193,82964653.18687496,70483239.39335902
1281,43094.91948230194,3153.9103422588805,146512650.81278244,70483239.39335902
1282,42331.10952797246,2236.8942419141945,95040977.93909393,70483239.39335902
1283,41857.64040720988,2001.176319834749,83872319.3574381,70483239.39335902
1284,42393.236293630885,2271.0027294890947,97013605.79961817,70483239.39335902
1285,41803.25818390782,2026.6826146111002,84926850.4905828,70483239.39335902
1286,41857.675139373576,1913.8551104084822,80283474.94350804,70483239.39335902
1287,42007.1694596884,2224.444464443569,93817046.74264796,70483239.39335902
1288,42873.59881654414,3042.277394656025,141094928.66177434,70483239.39335902
1289,41918.57216874724,2153.5036839544155,90567870.76356483,70483239.39335902
1290,42835.89529899495,2903.0983143518506,135180761.25292996,70483239.39335902
1291,42206.08664723318,2178.483683600243,92223570.63326605,70483239.39335902
1292,42070.58380753944,2027.260190423343,85635813.42598021,70483239.39335902
1293,43273.931719319,3170.0280441218742,146323769.93701926,70483239.39335902
1294,42312.94177880678,2049.283581848517,87085421.59998342,70483239.39335902
1295,42150.34656573273,2318.006029317105,97969483.72335163,70483239.39335902
1296,42999.05422673287,3250.757362814472,149073466.63664946,70483239.39335902
1297,42224.425656169544,2180.318775688539,92371705.36273865,70483239.39335902
1298,41602.81691420887,1907.2764463033752,79438849.98270488,70483239.39335902
1299,41826.65423947039,1962.3880258355898,82270986.56222521,70483239.39335902
1300,41805.887776065254,1935.6407135137392,81060821.03284624,70483239.39335902
1301,41899.8666626593,2060.892222433623,86635167.88367762,70483239.39335902
1302,41732.154665150076,1923.9068751388709,80470702.56076698,70483239.39335902
1303,41732.28532934839,1933.547944298296,80791361.76057222,70483239.39335902
1304,42134.20655431437,2074.9221844351623,87676452.2999855,70472447.93691522
1305,41748.887173685405,2143.1471468805335,89735198.60067077,70472447.93691522
1306,41991.03478204402,2090.590074991935,87956333.34496953,70472447.93691522
1307,41778.68070731826,1954.691691251392,81809156.9731994,70472447.93691522
1308,42955.95529154922,3049.3708876171704,140193474.52768454,70472447.93691522
1309,44122.48531668056,4070.6653818667714,195499994.7196127,70472447.93691522
1310,42039.878083290576,2098.527421382326,88525586.04939264,70472447.93691522
1311,41709.30069600443,1971.5989300714978,82420331.20630524,70472447.93691522
1312,42050.695790017184,2033.8428764567245,85707863.13350537,70472447.93691522
1313,41815.975453880426,1994.856508380613,83583057.04472598,70472447.93691522
1314,41871.65990423881,1979.3381609029682,82948782.75976524,70472447.93691522
1315,42088.26913759348,2037.3206323574736,85955904.8682222,70472447.93691522
1316,41974.572978528005,2080.988426959354,87571996.64282408,70472447.93691522
1317,41728.19079656265,2019.6464199067736,84442604.12674896,70472447.93691522
1318,41690.79163057629,2171.3536938781053,90685834.39032972,70472447.93691522
1319,41742.78924652692,1944.0237189963416,81249207.74643606,70472447.93691522
1320,41548.8531257812,1814.928907975703,75468491.62464246,70472447.93691522
1321,41930.31093481978,2184.0722505912313,91699846.61975907,70472447.93691522
1322,41715.44221611643,1948.8064559625477,81508454.03151259,70472447.93691522
1323,42986.588712936486,3039.557245444425,141771120.44980535,70472447.93691522
1324,41837.97963278319,2017.5366661451826,84542058.28669745,70472447.93691522
1325,41652.881289480945,1932.5101659593988,80571068.49802366,70472447.93691522
1326,42409.091562790374,2119.5502340594962,90210826.30455346,70472447.93691522
1327,42110.87372261099,2171.9882919544402,91682444.28832915,70472447.93691522
1328,41989.43851634144,2130.3263904913297,89696363.7539238,70472447.93691522
1329,41946.403145739365,2052.7682015104215,86181161.87519823,70472447.93691522
1330,42737.535898864844,2936.8256746658217,137043760.8945741,70472447.93691522
1331,42607.16573753341,3014.391096190537,137096950.84182057,70472447.93691522
1332,41791.518480788836,1982.564730009152,82948936.85625723,70472447.93691522
1333,42090.72554300492,2037.7789208742374,85998991.98723525,70472447.93691522
1334,41832.97686018851,2148.0734178557605,90254250.53096291,70472447.93691522
1335,41820.19835545613,1912.4555365570898,80182286.00456098,70472447.93691522
1336,41720.24341270481,1960.721313436697,81917766.92180386,70472447.93691522
1337,42092.44275274422,2167.380745695158,91509677.31676373,70472447.93691522
1338,41829.358136910465,2035.3603004461263,85263946.07893732,70472447.93691522
1339,43170.33671419661,3048.8982885094097,142206448.22066703,70472447.93691522
1340,42328.90841619064,2185.9065837169574,92850033.26718673,70472447.93691522
1341,42995.44191731054,2928.1578907201774,133794909.69086961,70472447.93691522
1342,41818.143384666255,2023.3037627487913,84804655.79151939,70310493.06818455
1343,43092.67606336215,3222.2095541564963,148858128.77786213,70310493.06818455
1344,41600.959196972515,1982.2899117460431,82563523.4711624,70310493.06818455
1345,43100.30596255077,3169.939965212056,147416605.4739545,70310493.06818455
1346,41674.53523821558,1986.397353481836,82847726.63714589,70310493.06818455
1347,41716.74104242801,2027.9699418269934,84771513.58372757,70310493.06818455
1348,41525.15538813845,1924.2421554278583,79999284.28749025,70310493.06818455
1349,41608.01962662084,1903.6070946264117,79291819.87809232,70310493.06818455
1350,42016.591269678116,2081.184171923883,87866789.57140121,70310493.06818455
1351,41873.831640785094,1917.0766074038008,80378430.3543341,70310493.06818455
1352,41879.84568591693,1953.569923206494,82024746.83314076,70310493.06818455
1353,42030.05504533199,2156.6016760627595,90944810.37356356,70310493.06818455
1354,41616.88707444471,1927.5259801962602,80393989.26426068,70310493.06818455
1355,42231.4778548251,2144.0396156443408,90845535.0471114,70310493.06818455
1356,43029.53917643294,3055.191290236049,142318439.62286144,70310493.06818455
1357,41999.947331199655,2062.7721478314293,86730401.16200483,70310493.06818455
1358,42026.138228846175,2154.2618287329287,90799886.24979697,70310493.06818455
1359,44432.56909485158,4193.8756986949575,201246782.82167363,70310493.06818455
1360,41475.482827895685,1868.5393885080514,77568707.77622151,70310493.06818455
1361,42984.06511873834,3057.1560721997494,141101551.57281813,70310493.06818455
1362,42197.91553578135,2198.2919476211623,92917925.1972434,70310493.06818455
1363,41890.09285287161,2076.1334038796444,87095975.17537348,70310493.06818455
1364,43068.75586998563,3119.9901053834337,144005100.75905013,70310493.06818455
1365,41718.3982658323,1929.8978961752164,80618643.78705007,70310493.06818455
1366,41774.25950283152,2048.7407015467315,85774974.40751454,70310493.06818455
1367,41821.42477615205,2023.5011098774546,84704170.73465881,70310493.06818455
1368,41791.83637053584,2025.3629374832005,84709120.16814342,70310493.06818455
1369,42267.19048572541,2140.4342935229406,90681270.99799624,70310493.06818455
1370,42839.45190253378,3050.602750592277,139457436.0077973,70310493.06818455
1371,42128.18266234778,2121.538175610886,89613105.63829389,70310493.06818455
1372,41629.15454807306,1943.6024654308706,81014667.03088221,70310493.06818455
1373,41699.2276944658,2058.7433480754908,86062314.67898901,70310493.06818455
1374,41778.76847669685,2142.6867157604675,89590547.1819209,70310493.06818455
1375,42098.0946139269,2221.5178436136425,93752782.18930896,70310493.06818455
1376,41691.70728025712,2156.379427198482,90122620.24004877,70310493.06818455
1377,42896.716656960525,3131.229375221958,145462771.1056208,70310493.06818455
1378,43044.276065510036,2955.893571814117,137821299.99494487,70310493.06818455
1379,42331.806521974504,2358.546691170047,100119075.31075338,70310493.06818455
1380,41709.68657620207,1976.965116247907,82537938.69589435,70310493.06818455
1381,41698.4420831093,1875.1949383027331,78501003.97173348,70310493.06818455
1382,41634.81261292987,1987.7013924996768,82875431.1019449,70310493.06818455
1383,42964.67045060899,3008.939169499237,141304323.80185404,70310493.06818455
1384,43629.698284599384,2871.021759492273,143994014.5797612,70310493.06818455
1385,42108.17269663139,2024.8440952382643,85579175.93318564,70310493.06818455
1386,41805.63520140857,2001.1915680691677,83781373.54088733,70310493.06818455
1387,41537.596332801964,2075.3867718715965,86381182.38771048,70310493.06818455
1388,41677.20303321923,2107.1035742676745,87954112.03538302,70310493.06818455
1389,41972.91149823026,2061.2886327347837,86593538.19891979,70310493.06818455
1390,41830.0027625435,2072.1180305022217,86795970.15504995,70310493.06818455
1391,42232.26325722219,2133.1583895702815,90276342.71259615,70310493.06818455
1392,41766.08754652087,2102.793548531026,87994778.73808534,70310493.06818455
1393,42817.60424443722,3083.450077469574,141869253.94852778,70310493.06818455
1394,41813.67154295785,2077.6309855695827,87021947.65503095,70310493.06818455
1395,43157.39149881284,3187.305692836234,146522647.57603714,70310493.06818455
1396,41943.8266382566,2021.3028825610472,84958618.58777773,70310493.06818455
1397,41886.90096507683,2009.2022690397068,84259007.44611499,70310493.06818455
1398,41760.54586020462,2023.1560212744448,84708790.94142148,70310493.06818455
1399,41797.62023586187,2153.892775965524,90567329.16687639,70310493.06818455
1400,41588.27709593954,2051.45677527296,85355501.4845656,70310493.06818455
1401,42847.105020766394,3098.265842751733,142856138.54937416,70310493.06818455
1402,41702.38902832799,1917.8906278825477,80193342.66643448,70310493.06818455
1403,41917.583018198566,2128.877795565517,89458302.71674941,70310493.06818455
1404,41766.762702088265,1957.6385284768705,81916352.3392148,70310493.06818455
1405,41530.97401928295,1936.2822123528101,80561349.08514917,70310493.06818455
1406,42078.443320121056,2044.8148245609696,86302255.4285573,70310493.06818455
1407,41701.331098640825,2102.5030875881794,87820134.49864262,70310493.06818455
1408,41555.363363852855,1996.4905255144665,83054256.93275765,70310493.06818455
1409,41822.181958191395,2001.494486347951,83829439.23082715,70310493.06818455
1410,41791.33098441575,2064.2283620906933,86574271.77808072,70310493.06818455
1411,41958.681621007134,2144.7416899191935,90183797.09591848,70310493.06818455
1412,41935.72097897266,2090.568378071867,87943508.14772955,70310493.06818455
1413,41940.24688075603,2069.5105673279572,86922456.18387261,70310493.06818455
1414,43006.742183320304,3241.23122255802,149683669.04104882,70310493.06818455
1415,41605.12403239871,1964.1531597418812,81946942.27924746,70310493.06818455
1416,41629.27930328691,2012.3470926438354,83942565.56888711,70310493.06818455
1417,41650.07110323453,2099.7841948056866,87589778.91207853,70310493.06818455
1418,41779.16985312004,2044.6273952933457,85566954.528594,70310493.06818455
1419,42136.84266832769,2198.4688108427663,92983314.04505974,70310493.06818455
1420,41588.322698038275,2025.1615957635881,84484556.46215957,70034105.73541151
1421,41647.92565790983,1908.8746992490032,79705463.24332991,70034105.73541151
1422,43087.99696079226,3070.41090763481,144159718.22514245,70034105.73541151
1423,41596.00569478963,1941.3274832601837,80831086.90174204,70034105.73541151
1424,42024.20940127165,2235.904956516806,94244241.14176735,70034105.73541151
1425,41651.219185879396,1941.851909496192,81113047.5391738,70034105.73541151
1426,42552.88785683084,3003.3974189723826,137508375.3158713,70034105.73541151
1427,41792.5792249226,2142.9697803629624,89884446.62049212,70034105.73541151
1428,41873.638010432405,2035.1804967417115,85560005.6731398,70034105.73541151
1429,42789.48857881236,3118.340780828526,143013279.98851165,70034105.73541151
1430,42099.8570793176,2208.714019187005,93129467.17365074,70034105.73541151
1431,42810.137135587385,3031.698317615651,139938114.85209435,70034105.73541151
1432,41889.04203775671,2153.514503601633,90632046.81281425,70034105.73541151
1433,41589.46685570065,2044.8044712476553,85185908.83363602,70034105.73541151
1434,41388.900354499856,1971.1023730980917,81709312.81447205,70034105.73541151
1435,42554.736149430435,3007.363804656764,137608141.52591133,70034105.73541151
1436,41628.62247313947,2057.4683825573047,85918948.69118786,70034105.73541151
1437,42742.64678436335,3048.6232228876297,140200912.39619341,70034105.73541151
1438,41541.274913140165,1881.876800522432,78281386.57635221,70034105.73541151
1439,41605.68922226649,2129.5669116932345,88838832.4796407,70034105.73541151
1440,42367.97250107295,2938.082011142261,134668343.46092266,70034105.73541151
1441,41803.839545082315,2094.769726180468,87715662.0352179,70034105.73541151
1442,41917.784073803996,2066.7607411180466,86813627.33258095,70034105.73541151
1443,43810.11529847156,3070.230132840527,154611982.68050617,70014153.84952217
1444,41504.64140616235,1914.2972038227394,79546795.44759837,70014153.84952217
1445,41204.77610016642,1908.7246631479532,78767850.6177666,70014153.84952217
1446,41599.308772177654,1999.686931367464,83310521.0807339,70014153.84952217
1447,41728.50448793385,2205.7020033399485,92180101.13054258,70014153.84952217
1448,42017.726832992026,2144.377722636435,90471816.59522158,70014153.84952217
1449,42498.29279359272,2937.091227854485,133510674.7531943,70014153.84952217
1450,41898.5867043306,2114.9830411432245,88845665.18896641,70014153.84952217
1451,41359.88603145718,1912.181962035441,79155997.99717455,70014153.84952217
1452,41552.156846098645,1971.151314159957,82121552.36870067,70014153.84952217
1453,42625.70646694904,2987.3753258624356,136129903.19209686,70014153.84952217
1454,41525.807295202,2134.941036777261,88702644.88524798,70014153.84952217
1455,41668.35129195652,1976.7352598793314,82558574.76095164,70014153.84952217
1456,42819.204843430285,3116.0022678098017,142358133.68679005,70014153.84952217
1457,41557.50277548444,1952.9250169683467,81321802.85150549,70014153.84952217
1458,42462.462922550345,3015.878318152501,138905190.43144196,70014153.84952217
1459,41721.52202696657,2106.351748779041,88397760.93663761,70014153.84952217
1460,41840.04120519238,2038.2025843844906,85549892.39666331,70014153.84952217
1461,41451.01006430241,1939.9154471433753,80477749.58579099,70014153.84952217
1462,41585.18382927099,2060.2349733549117,85889940.76881696,70014153.84952217
1463,41723.12862258214,2059.6060528756884,86075067.48837383,70014153.84952217
1464,42750.33960153349,3142.542187270368,146594141.11566538,70014153.84952216
1465,41926.27876644934,2176.179329247766,91410904.26285326,70014153.84952216
1466,41877.84688899657,2067.5429337788373,86809545.79942712,70014153.84952214
1467,41503.70232417299,1969.9189769112477,81874135.63728027,70014153.84952214
1468,41739.2752645462,2005.751299006084,84006555.34074466,70014153.84952214
1469,41584.36344630275,2048.943270114179,85285857.2717944,70014153.84952214
1470,42861.24553952282,3249.83806476624,149077138.18087992,70014153.84952214
1471,42735.45961019817,3090.015411821074,142527310.36710578,70014153.84952214
1472,41831.187099921124,1980.7824980740475,83079947.98978812,70014153.84952214
1473,41759.1233692926,2107.3375105654914,88244960.63547494,70014153.84952214
1474,41370.14512038454,2086.4383549284207,86508595.98126322,69014850.02105972
1475,41193.38577219855,2099.4596220056214,86697076.26832296,69014850.02105972
1476,41152.00353277888,1989.268868345885,82052300.46816419,69014850.02105972
1477,43156.83500701467,4129.577199531124,195254154.49289703,69014850.02105972
1478,41103.63351851846,2066.9829571130085,85332566.8548079,69014850.02105972
1479,40871.17945465792,1937.298125214745,79501794.62172359,69014850.02105972
1480,41059.301216548985,1991.533960909924,81943322.5674434,69014850.02105972
1481,41232.21503908353,2195.8085517924187,90818319.77099359,68948041.17798439
1482,41148.9953799991,2008.4635585590472,82863021.44104171,68948041.17798439
1483,42146.89608387318,3010.315218600608,137016755.85245577,68948041.17798439
1484,40987.8384748729,2098.211277465987,86190420.68849525,68948041.17798439
1485,41092.77280165859,2085.4047518264174,86023358.53321567,68948041.17798439
1486,43250.07071788167,4112.549837634588,194259068.66346645,68948041.17798439
1487,41458.66187780188,2246.1013954146024,93552370.77986586,68948041.17798439
1488,42050.799011350435,3044.6717722000353,137388302.27304053,68948041.17798439
1489,40875.25081043764,2001.2984594664042,81970592.8462702,68865768.50909315
1490,42564.036153724606,3035.7588656343537,138896941.97795302,68865768.50909315
1491,40986.03278248584,2016.0960651333844,82820981.24499296,68865768.50909315
1492,40816.39364297634,1958.3424683301594,80127527.9826915,68865768.50909315
1493,41220.16146816023,2172.648382401182,89653428.50163987,68865768.50909315
1494,40895.30526229051,2185.8345590604235,89452101.16591981,68865768.50909315
1495,41484.61993636789,2051.982707966817,85388980.85422894,68865768.50909315
1496,40972.96761676371,2102.4635051454275,86399798.59389365,68865768.50909315
1497,41179.31877876023,2209.146805805455,91227802.34184082,68865768.50909315
1498,40773.90048218984,1988.559326161092,81322846.89373434,68865768.50909315
1499,41111.204555392476,2065.4565594187666,85135166.31115296,68865768.50909315
