,per_it_avg_total_length,per_it_avg_max_path_length,per_it_avg_fitness,per_it_best_fitness
0,60277.935223065586,7372.72064274159,60277.935223065586,56872.62959758197
1,58125.5635878982,5523.5376104441775,58125.5635878982,56667.74037430197
2,61029.20476556821,6474.382624917276,61029.20476556821,56582.71209908128
3,58845.32035796308,6711.786986891568,58845.32035796308,56582.71209908128
4,58603.53734415701,6569.44517815172,58603.53734415701,54894.17992999465
5,56215.6375467545,6060.393007288296,56215.6375467545,54850.49028043943
6,57142.85070091818,6717.160973508823,57142.85070091818,54508.444904678145
7,55723.22804811362,6028.9458307705845,55723.22804811362,52982.55214973152
8,55357.2821677558,5960.109503111051,55357.2821677558,52783.582830251726
9,54137.76668543054,5563.423024253379,54137.76668543054,52783.58283025172
10,56196.78228630453,7235.993043742341,56196.78228630453,52314.92127655753
11,52670.36281734763,4999.24927857594,52670.36281734763,51966.78674835763
12,52219.624274816495,5072.164851194181,52219.624274816495,51104.37908634096
13,52713.450945241566,5785.754425767469,52713.450945241566,51104.37908634096
14,52903.45817904677,5796.926064693073,52903.45817904677,51104.37908634096
15,53327.76838453626,6498.478499703846,53327.76838453626,51062.68710304179
16,52389.91247210541,5762.1500825163,52389.91247210541,50771.566910378446
17,52451.502378968886,5800.143184477999,52451.502378968886,50771.566910378446
18,51243.87668331259,5139.638636176884,51243.87668331259,50771.566910378446
19,51550.70226998418,5096.365377616043,51550.70226998418,50771.566910378446
20,53222.79714107369,6506.608960434418,53222.79714107369,50331.045476645864
21,51762.061091409625,5598.367712950678,51762.061091409625,49723.33742780552
22,51260.447352574134,4816.894997610392,51260.447352574134,48766.81748786415
23,50307.916520880884,5067.53180411198,50307.916520880884,48766.81748786415
24,49656.739920536354,4176.699877790079,49656.739920536354,48766.81748786415
25,50013.94647643987,4761.900238601203,50013.94647643987,48491.50906339926
26,48810.51496526632,3936.159489069448,48810.51496526632,48491.50906339926
27,50293.53141242445,4788.776182604303,50293.53141242445,48491.50906339925
28,52180.80586154345,6392.802442078739,52180.80586154345,48491.50906339925
29,48658.256991416594,3968.448593028204,48658.256991416594,48491.509063399244
30,50169.00499260677,4813.004068243511,50169.00499260677,48491.509063399244
31,49278.810600743374,4107.270776444902,49278.810600743374,47790.88812436185
32,48408.196960520276,3877.0400490755565,48408.196960520276,47790.88812436185
33,51746.43073644028,6347.577013868914,51746.43073644028,47790.88812436185
34,49331.02382665403,4865.136029918189,49331.02382665403,47790.88812436185
35,49173.45975834307,4721.323465711378,49173.45975834307,47433.122344034695
36,47581.243927612086,3801.9978421997757,47581.243927612086,47132.7061987243
37,48679.53723340137,4799.6983443295485,48679.53723340137,47132.7061987243
38,47642.406748533176,3865.6680396171732,47642.406748533176,47132.7061987243
39,48847.21705118477,4763.629882573789,48847.21705118477,47055.56448972227
40,47767.35908248616,4001.455382065474,47767.35908248616,46996.11693359566
41,52648.569911968065,7308.151003527861,52648.569911968065,46996.11693359566
42,47726.482524266,3850.648668950477,47726.482524266,46996.11693359566
43,47615.94632517442,3817.1443655128714,47615.94632517442,46996.11693359566
44,48349.196157221806,4744.681364555945,48349.196157221806,46996.11693359566
45,47663.97520057766,3870.047950176098,47663.97520057766,46996.11693359566
46,49027.475879093545,4943.479896206336,49027.475879093545,46967.412971142134
47,47365.497459601414,3818.1843189796928,47365.497459601414,46591.53220894617
48,48122.21064154988,4638.39522931952,48122.21064154988,46591.53220894617
49,47336.57791854335,3846.125892025647,47336.57791854335,46591.53220894617
50,49517.545185692936,5475.921659057045,49517.545185692936,46591.53220894617
51,47222.61367573531,4045.6375458476577,47222.61367573531,46255.82261029662
52,46810.91696574034,3769.7465544523025,46810.91696574034,46165.194399780376
53,48710.33675054887,5503.813022302826,48710.33675054887,46165.194399780376
54,46498.75169440821,3924.2357803959435,46498.75169440821,46165.194399780376
55,48884.39062659365,5682.146820374182,48884.39062659365,46165.194399780376
56,46633.02455875825,3798.681524960335,46633.02455875825,46165.194399780376
57,47634.30427792147,4684.892783176863,47634.30427792147,46165.194399780376
58,46942.36774265084,3801.2597179283584,46942.36774265084,46165.194399780376
59,48773.567572878135,5522.257813505904,48773.567572878135,46165.194399780376
60,47594.74265534665,4666.067603161451,47594.74265534665,45857.65841612836
61,46844.986759253516,3909.2726896822196,46844.986759253516,45857.65841612836
62,47826.09391275722,4911.575344801934,47826.09391275722,45857.65841612836
63,49657.26516800724,5464.13278658598,49657.26516800724,45857.65841612836
64,48473.11615970281,5440.449638622004,48473.11615970281,45857.65841612836
65,47473.11976116669,4633.7385529134,47473.11976116669,45857.65841612836
66,47021.06494358636,3999.351383751496,47021.06494358636,45857.65841612836
67,46522.5216527003,3769.7465544523025,46522.5216527003,45857.65841612835
68,47409.46459424899,4654.113836262348,47409.46459424899,45857.65841612835
69,49990.65553854576,6400.092899879395,49990.65553854576,45857.65841612835
70,47321.4030602428,4712.96152131895,47321.4030602428,45794.61167339479
71,47333.256712205926,4674.168003420171,47333.256712205926,45794.61167339479
72,46248.61244216976,3917.7038657615985,46248.61244216976,45794.61167339479
73,49260.453063700304,5492.4360416716845,49260.453063700304,45794.61167339479
74,46118.684730605935,3769.7465544523025,46118.684730605935,45794.61167339479
75,48524.79011497328,4827.037004606338,48524.79011497328,45794.61167339479
76,49434.59884877149,5477.383990979148,49434.59884877149,45585.32937529012
77,46915.98183478472,4695.077336599652,46915.98183478472,44962.846716568165
78,47583.26047035618,5455.495152194895,47583.26047035618,44851.49533474011
79,46440.87396329376,4560.916869698722,46440.87396329376,44823.97134282205
80,46579.58812272585,4691.567899143561,46579.58812272585,44823.97134282205
81,47751.4428826599,5500.01181062366,47751.4428826599,44823.97134282205
82,46450.95607367695,4585.427376318661,46450.95607367695,44823.97134282205
83,48472.12061636464,5420.440955953202,48472.12061636464,44823.97134282205
84,46225.638886365094,4625.195788591055,46225.638886365094,44815.20910479161
85,47723.22630115917,4680.723281861626,47723.22630115917,44686.03031099108
86,47373.58340874341,5409.073912587015,47373.58340874341,44598.96354189519
87,44838.317913803716,3756.2232059564985,44838.317913803716,44521.083717287234
88,46414.34713969713,4647.633058989393,46414.34713969713,44521.083717287234
89,49456.25849911307,6309.026032369208,49456.25849911307,44521.083717287234
90,47825.005092167834,5533.26154870843,47825.005092167834,44521.083717287234
91,45402.242154768595,3912.622598678942,45402.242154768595,44521.083717287234
92,46024.19713818444,4503.710304642859,46024.19713818444,44413.87029430625
93,45782.88704401631,4474.6423163098825,45782.88704401631,44393.58506553639
94,50929.68156869292,7241.96203256118,50929.68156869292,44363.827985609525
95,46188.65961765734,4716.874993032388,46188.65961765734,44363.827985609525
96,46840.75970393456,5196.088512893481,46840.75970393456,44363.827985609525
97,45733.232286030325,4483.569790971942,45733.232286030325,44363.827985609525
98,45354.97735198797,3837.4948358322836,45354.97735198797,44363.827985609525
99,48517.43907647266,5581.876032405575,48517.43907647266,44363.827985609525
100,46280.86657672211,4700.28094984617,46280.86657672211,44363.827985609525
101,45213.925797602824,3892.8453657155196,45213.925797602824,44363.82798560952
102,45954.32802481494,4514.6549431365875,45954.32802481494,44363.82798560952
103,47464.46469879093,5523.34454592226,47464.46469879093,44363.82798560952
104,48333.39630063707,6291.583823412537,48333.39630063707,44363.82798560952
105,44731.45245168545,3735.0241800875215,44731.45245168545,44110.39152773632
106,47661.287160336076,6071.6525237382875,47661.287160336076,44110.39152773632
107,46043.47762900538,4495.8004023154335,46043.47762900538,44110.39152773632
108,44251.51403624212,3529.216378823715,44251.51403624212,43845.56324595824
109,44778.39762548337,3643.73503520322,44778.39762548337,43845.56324595824
110,45374.03773619048,4401.979523474054,45374.03773619048,43845.56324595824
111,46372.76606813334,4703.216691570088,46372.76606813334,43845.56324595824
112,44305.949732426976,3529.216378823715,44305.949732426976,43095.51314372171
113,46279.448257386146,4521.507487978955,46279.448257386146,43095.51314372171
114,45103.65192705565,4426.053910932201,45103.65192705565,43081.24855904744
115,49198.029598918685,6739.187950427183,49198.029598918685,43081.24855904744
116,46168.90521876698,5247.48354653653,46168.90521876698,43081.24855904744
117,44766.855418132865,4393.893848049522,44766.855418132865,43081.24855904744
118,44606.51268132671,4410.679589053128,44606.51268132671,43081.24855904744
119,46929.873758901405,5869.325131416497,46929.873758901405,43081.24855904744
120,46921.24530671405,5956.662262930988,46921.24530671405,43081.24855904744
121,49370.121487691955,6910.475220487388,49370.121487691955,43081.24855904744
122,43570.889084604976,3614.5502594000695,43570.889084604976,43081.24855904744
123,46122.03222446848,5179.484355893612,46122.03222446848,43081.24855904744
124,49213.26092921874,6862.716314784154,49213.26092921874,43081.24855904744
125,46360.87267197817,5261.129960432203,46360.87267197817,43081.24855904744
126,48910.12942406798,7001.401940122324,48910.12942406798,43081.24855904744
127,49151.74143632028,7537.276015912537,49151.74143632028,43081.24855904744
128,45770.19649466865,5275.301168338786,45770.19649466865,43081.24855904743
129,43714.963454660516,3561.937938918014,43714.963454660516,43081.24855904743
130,44923.79604820961,4423.089496111138,44923.79604820961,42956.0360663861
131,45930.12054327693,5446.94703807845,45930.12054327693,42956.0360663861
132,45804.76416223938,5223.997423468571,45804.76416223938,42956.0360663861
133,46539.29609670055,5070.63919326955,46539.29609670055,42956.0360663861
134,45647.18114381682,5083.788178937869,45647.18114381682,42956.0360663861
135,47946.099646758696,7105.503202235001,47946.099646758696,42956.0360663861
136,45683.0677692579,5359.588990617042,45683.0677692579,42956.0360663861
137,47010.83781417544,5945.509298904119,47010.83781417544,42956.0360663861
138,45652.99293224486,5260.40945631243,45652.99293224486,42956.0360663861
139,44406.4743046455,4283.636072267305,44406.4743046455,42956.0360663861
140,46741.7140025752,5741.82476883536,46741.7140025752,42956.0360663861
141,45547.21222081696,5243.672813352359,45547.21222081696,42956.0360663861
142,44446.39309424551,4335.838301608819,44446.39309424551,42956.0360663861
143,48026.812401321964,6290.649533138225,48026.812401321964,42956.0360663861
144,44752.46841836372,4528.557399389973,44752.46841836372,42956.0360663861
145,45798.89075368389,5135.207596096089,45798.89075368389,42956.0360663861
146,45725.93658998804,5225.534484933856,45725.93658998804,42520.22682058611
147,50342.88225735412,7083.969066910708,50342.88225735412,42464.31249943447
148,45408.399035079216,4477.285783763031,45408.399035079216,42464.31249943447
149,43973.24919681373,4420.388497739422,43973.24919681373,42270.516181086445
150,46090.41053033001,5808.773038255814,46090.41053033001,42270.516181086445
151,44631.80080582927,5041.030964048476,44631.80080582927,42270.516181086445
152,46231.75635213409,6190.62376128375,46231.75635213409,42270.516181086445
153,46078.836572475826,5997.241516886233,46078.836572475826,42270.516181086445
154,45354.235810335405,5384.832875313759,45354.235810335405,42270.516181086445
155,47216.75849649792,5511.630158155831,47216.75849649792,42270.516181086445
156,45179.28041823238,5091.11253161786,45179.28041823238,42270.516181086445
157,46050.5068684891,6045.609935186105,46050.5068684891,42270.516181086445
158,45230.354276074235,5228.004381157904,45230.354276074235,42270.516181086445
159,45222.8488150365,5071.173085450265,45222.8488150365,42270.516181086445
160,45374.10000340919,5088.040400319424,45374.10000340919,42270.516181086445
161,43112.25408691398,3699.6424223842378,43112.25408691398,42270.516181086445
162,43418.416839575104,4240.509932819272,43418.416839575104,42001.76696587002
163,49204.79171571722,7381.766571528453,49204.79171571722,42001.76696587002
164,48359.00908215657,6626.778540596586,48359.00908215657,42001.76696587002
165,43812.16304717677,4175.870649238574,43812.16304717677,42001.76696587002
166,43421.69930386278,4342.402779666378,43421.69930386278,42001.76696587002
167,45516.22125666357,5529.629132597608,45516.22125666357,42001.76696587002
168,44871.178846321054,4250.09580071128,44871.178846321054,42001.76696587002
169,46235.28603236361,5127.198136780736,46235.28603236361,42001.76696587002
170,46806.59693246092,6894.712349951104,46806.59693246092,42001.76696587002
171,44938.826614805446,5233.905524762468,44938.826614805446,42001.76696587002
172,44795.49937706817,5187.199478827575,44795.49937706817,41849.77620573838
173,44508.91731229638,5111.590903966424,44508.91731229638,41849.77620573838
174,44553.243369097814,5194.70874019799,44553.243369097814,41849.77620573838
175,44464.12594747021,5249.932802866306,44464.12594747021,41849.77620573838
176,43655.71732239398,4441.943899330552,43655.71732239398,41684.165103052335
177,43582.87716502468,4442.253736899775,43582.87716502468,41684.165103052335
178,44743.44120334835,5109.722184358271,44743.44120334835,41684.165103052335
179,45712.30032111832,4975.916002441493,45712.30032111832,41684.165103052335
180,43270.727969098654,4263.922332037049,43270.727969098654,41684.165103052335
181,45910.23924979555,6035.457472941895,45910.23924979555,41684.165103052335
182,43928.155340638834,4362.55358842609,43928.155340638834,41684.165103052335
183,45516.71021130928,5839.125384022828,45516.71021130928,41684.165103052335
184,45054.322897439706,5003.837392855208,45054.322897439706,41684.165103052335
185,44617.590993723425,5123.589160456529,44617.590993723425,41684.165103052335
186,42219.67607532775,3415.395107221102,42219.67607532775,41684.165103052335
187,46063.25352381253,5794.9783653169125,46063.25352381253,41684.165103052335
188,46243.820942997365,5978.041453879091,46243.820942997365,41684.165103052335
189,43611.15461049673,4265.534001954092,43611.15461049673,41684.165103052335
190,43389.81392293447,4356.9999533743485,43389.81392293447,41684.165103052335
191,44549.78103477689,5146.166252511017,44549.78103477689,41684.165103052335
192,42591.44523390273,3550.3019616742095,42591.44523390273,41684.165103052335
193,44561.59697402272,5015.277017439704,44561.59697402272,41684.165103052335
194,45556.736317027506,5856.91559581876,45556.736317027506,41684.165103052335
195,47856.94597746108,6807.698688420112,47856.94597746108,41684.165103052335
196,44963.57219345823,5141.971996377552,44963.57219345823,41684.165103052335
197,44616.50920167602,4949.973946766387,44616.50920167602,41684.165103052335
198,44263.17211110785,5127.203748695039,44263.17211110785,41466.75085132298
199,48822.85829899078,7887.053305760202,48822.85829899078,41466.75085132298
200,45447.200441953864,6239.601254991348,45447.200441953864,41466.75085132298
201,43224.51818266951,4397.298047303116,43224.51818266951,41466.75085132298
202,45954.440157466895,5966.640920230899,45954.440157466895,41466.75085132298
203,44366.070085281804,5043.951112685456,44366.070085281804,41466.75085132298
204,43323.70371332403,4292.6425546498285,43323.70371332403,41466.75085132298
205,43136.32298804246,4360.970585115173,43136.32298804246,41466.75085132298
206,47368.72006630095,7385.696442897582,47368.72006630095,41466.75085132298
207,48715.32410785209,6841.143255256284,48715.32410785209,41466.75085132298
208,44671.8453962456,5230.328625678184,44671.8453962456,41466.75085132298
209,46186.68676632452,6673.079815380719,46186.68676632452,41466.75085132298
210,49226.7792828143,6791.088622171157,49226.7792828143,41466.75085132298
211,44196.35661885925,5247.565158874562,44196.35661885925,41466.75085132298
212,46196.58406731541,5965.959846189746,46196.58406731541,41466.75085132298
213,41957.80168482921,3510.7234760106503,41957.80168482921,41466.75085132298
214,45293.326828272,5998.439777708605,45293.326828272,41466.75085132298
215,48009.360524880605,6745.869123742008,48009.360524880605,41466.75085132298
216,43317.61898483346,4215.916138450308,43317.61898483346,41466.75085132298
217,44058.33109519306,5257.708792425011,44058.33109519306,41466.75085132298
218,45526.47250296611,5785.139222660286,45526.47250296611,41315.672484541115
219,45139.16050137464,5222.520029823063,45139.16050137464,41315.672484541115
220,46524.19546734916,6179.95526416631,46524.19546734916,41315.672484541115
221,43155.19385794875,4453.532605258653,43155.19385794875,41315.672484541115
222,43194.62952998736,4255.276280851627,43194.62952998736,41315.672484541115
223,43301.46438080481,4174.954640654873,43301.46438080481,41315.672484541115
224,46661.73641334488,6268.650941925912,46661.73641334488,41315.672484541115
225,43967.3749048453,5124.267222184635,43967.3749048453,41296.68214705455
226,43919.03793805696,5246.042699328247,43919.03793805696,41296.68214705454
227,46100.00290789352,6896.256143995131,46100.00290789352,41296.68214705454
228,46421.6738500531,6472.6789199074565,46421.6738500531,41296.68214705454
229,45051.31923620641,6106.304977009418,45051.31923620641,41296.68214705454
230,41964.11636698035,3381.120108100131,41964.11636698035,41296.68214705454
231,44283.85309532803,4958.7489871583475,44283.85309532803,41296.68214705454
232,45079.3193522294,5784.179893394639,45079.3193522294,41296.68214705454
233,43354.776660135416,4112.541273648198,43354.776660135416,41296.68214705454
234,44795.521199842915,5682.322935236388,44795.521199842915,41296.68214705454
235,41753.75590045466,3260.4671636072917,41753.75590045466,41296.68214705454
236,44099.39774838172,4866.573041757374,44099.39774838172,41296.68214705454
237,43386.10737208727,4214.049978810277,43386.10737208727,41296.68214705454
238,42256.71041088363,3409.0547307792403,42256.71041088363,41296.68214705454
239,49394.577309662774,7573.161842165289,49394.577309662774,41296.68214705454
240,46286.59137633558,5991.2649014003755,46286.59137633558,41296.68214705454
241,44607.019590642754,5087.115369648478,44607.019590642754,41296.68214705454
242,45297.15470187724,5350.888167257386,45297.15470187724,41126.49029575942
243,44538.03043193764,5307.684344358958,44538.03043193764,41126.49029575942
244,45008.326396699995,5839.736745185139,45008.326396699995,41126.49029575942
245,43363.00873318033,4226.436847182059,43363.00873318033,41126.49029575942
246,43603.91326849915,4835.627307154633,43603.91326849915,41126.49029575942
247,45851.84936209505,6581.029421792015,45851.84936209505,41126.49029575942
248,47380.27006884606,6803.397217615292,47380.27006884606,41126.49029575942
249,43682.64908628,4888.661051631217,43682.64908628,41126.49029575942
250,41787.375991107416,3245.9264808413864,41787.375991107416,41126.49029575942
251,44744.85826690997,5136.665753908548,44744.85826690997,41126.49029575942
252,44208.949420951816,4308.694761935175,44208.949420951816,41126.49029575942
253,45979.50596506866,6429.062406891836,45979.50596506866,41126.49029575942
254,47446.79206502171,7367.193751640468,47446.79206502171,41126.49029575942
255,45281.83776724289,5072.605217060127,45281.83776724289,41126.49029575942
256,43085.49849580032,4333.450121563013,43085.49849580032,41126.49029575942
257,45570.35924856053,5784.011704739884,45570.35924856053,41126.49029575942
258,47299.78387614674,7359.384447665415,47299.78387614674,41126.49029575942
259,44604.96143178587,4970.964510430909,44604.96143178587,41126.49029575942
260,43262.4602293235,4200.071211885164,43262.4602293235,41126.49029575942
261,45005.46327734683,5864.034433411843,45005.46327734683,41126.49029575942
262,46160.42511450149,5781.889619146796,46160.42511450149,41126.49029575942
263,44435.7746911127,5026.5838256479,44435.7746911127,41126.49029575942
264,45054.58565025915,6055.579068097867,45054.58565025915,41126.49029575942
265,41820.41990537842,3248.8461567224185,41820.41990537842,41126.49029575942
266,47726.187249846036,7403.561393872656,47726.187249846036,41126.49029575942
267,43032.070220102236,4355.058575710446,43032.070220102236,41126.49029575942
268,45165.11369415133,5683.413066459939,45165.11369415133,41126.49029575942
269,44852.08658432744,5746.246452429159,44852.08658432744,41126.49029575942
270,43485.7068956509,4960.577366987676,43485.7068956509,41126.49029575942
271,41678.13216835945,3308.815448001179,41678.13216835945,41126.49029575942
272,44034.680797268826,5140.2543990587465,44034.680797268826,41126.49029575942
273,41590.644751836044,3314.110152748778,41590.644751836044,41126.49029575942
274,44913.30062181771,5935.244808225734,44913.30062181771,41126.49029575942
275,44102.34772790904,5025.946743741023,44102.34772790904,41126.49029575942
276,45403.11815332416,5873.222124335081,45403.11815332416,41126.49029575942
277,47536.12270999615,5951.898781865345,47536.12270999615,41126.49029575942
278,44737.166157828586,5823.9761761111995,44737.166157828586,41126.49029575942
279,41571.299167075966,3303.3734709285636,41571.299167075966,41126.49029575942
280,44153.52508222997,5062.269714111018,44153.52508222997,41126.49029575942
281,46050.997662675814,7043.766061090595,46050.997662675814,41126.49029575942
282,43532.342136408115,4286.925029421307,43532.342136408115,41126.49029575942
283,44997.830107794725,5209.804677434837,44997.830107794725,41126.49029575942
284,42261.30573742456,3372.093339171852,42261.30573742456,41126.49029575942
285,47257.71846811498,6573.07947277405,47257.71846811498,41126.49029575942
286,43090.24265494733,4144.346857106614,43090.24265494733,41126.49029575942
287,44772.80164474112,5882.983216607242,44772.80164474112,41126.49029575942
288,44689.09773254819,5008.661062469006,44689.09773254819,41126.49029575942
289,42524.40185296056,4176.720456435415,42524.40185296056,41126.49029575942
290,44084.28910602589,5105.771997559774,44084.28910602589,41126.49029575942
291,42701.24849939947,4010.0177662847514,42701.24849939947,41126.49029575942
292,44683.785670174686,5811.752885794977,44683.785670174686,41126.49029575942
293,46016.386397591836,5723.770584202104,46016.386397591836,41126.49029575942
294,46326.48089287646,6627.458638077046,46326.48089287646,41126.49029575942
295,41798.25652479632,3424.148482502374,41798.25652479632,41126.49029575942
296,42637.14132890473,4121.547382249398,42637.14132890473,41126.49029575942
297,43715.29540320938,4996.216087876788,43715.29540320938,41084.57507147034
298,44988.16320372617,5603.990901379386,44988.16320372617,41084.57507147034
299,43856.88607354003,5027.293456258199,43856.88607354003,41084.57507147034
300,47358.74546608741,5775.594226915309,47358.74546608741,41084.57507147034
301,43062.73665217933,4292.3203331271525,43062.73665217933,41084.57507147034
302,46294.04708413624,6657.419735930016,46294.04708413624,41084.57507147034
303,43115.22684261085,4256.110054613868,43115.22684261085,41084.57507147034
304,45409.47892608514,6014.026365878479,45409.47892608514,41084.57507147034
305,43394.74251724586,4084.8144015819626,43394.74251724586,41084.57507147034
306,45624.45181808895,5908.932901887196,45624.45181808895,41084.57507147034
307,43819.57445542469,5038.8689806832,43819.57445542469,41084.57507147034
308,44051.112017254854,4911.897541406945,44051.112017254854,41084.57507147034
309,43633.40987444338,4899.436191184148,43633.40987444338,41084.57507147033
310,48234.08728256264,7584.161433146696,48234.08728256264,41084.57507147033
311,49283.47601966681,8426.878279743534,49283.47601966681,41084.57507147033
312,48088.37907446846,7539.074182935043,48088.37907446846,41084.57507147033
313,46250.962191023944,6903.668210117484,46250.962191023944,41084.57507147033
314,43569.516455964695,4826.031591875338,43569.516455964695,41084.57507147033
315,42918.739509581144,4294.589840376662,42918.739509581144,41084.57507147033
316,46837.25824595131,6921.376293613079,46837.25824595131,41084.57507147033
317,44913.1879675605,6001.660464526952,44913.1879675605,41084.57507147033
318,45083.60371321106,5955.755662184411,45083.60371321106,41077.91850917924
319,43651.152828094804,4170.328008567148,43651.152828094804,41077.91850917924
320,43885.97862089366,4105.423528681354,43885.97862089366,41077.91850917924
321,43637.604049219866,4884.562680346926,43637.604049219866,41077.91850917924
322,48906.39223982884,7553.842594224409,48906.39223982884,41077.91850917924
323,43601.32642900389,4900.944116769579,43601.32642900389,41077.91850917924
324,44047.105369332814,5265.387282792099,44047.105369332814,41077.91850917924
325,44959.14529676292,5768.505404682681,44959.14529676292,41077.91850917924
326,41798.39945981681,3423.419531212133,41798.39945981681,41077.91850917924
327,43734.62737972803,5171.711314994029,43734.62737972803,41077.91850917924
328,43919.98462229596,4962.148395348054,43919.98462229596,41077.91850917924
329,43682.48864065732,4954.088234162744,43682.48864065732,41077.91850917924
330,43829.72308092784,4962.185562786568,43829.72308092784,41077.91850917924
331,44149.71090416594,5110.962384323316,44149.71090416594,41077.91850917924
332,41942.698260796504,3408.6215441322443,41942.698260796504,41077.91850917924
333,41492.70850242885,3297.7885716845185,41492.70850242885,40982.003336912734
334,42791.37986000365,4124.57457434941,42791.37986000365,40982.003336912734
335,44322.52478946447,5110.2526634949845,44322.52478946447,40982.003336912734
336,44910.4987757399,5714.701200534788,44910.4987757399,40982.003336912734
337,45188.72546267558,5032.745240092154,45188.72546267558,40982.003336912734
338,44726.962291755466,5013.144345544107,44726.962291755466,40982.003336912734
339,44014.34432542276,4972.043038987444,44014.34432542276,40982.003336912734
340,44145.65984864428,4354.321187929146,44145.65984864428,40828.49305169912
341,44596.26922072187,5187.1929093259805,44596.26922072187,40828.49305169912
342,45796.73556108654,6477.685016744537,45796.73556108654,40828.49305169912
343,43659.5889050136,5009.987230259632,43659.5889050136,40828.49305169912
344,42556.00932584221,4173.173743185456,42556.00932584221,40828.49305169912
345,45913.518351165665,5876.566881481619,45913.518351165665,40828.49305169912
346,44569.0309820679,5805.138850700909,44569.0309820679,40828.49305169912
347,45537.71073874445,6504.263177839775,45537.71073874445,40828.49305169912
348,44954.62009302639,5019.885143761681,44954.62009302639,40828.49305169912
349,41162.85025966687,3311.1815251544367,41162.85025966687,40828.49305169912
350,45001.192019893184,5723.128317229997,45001.192019893184,40828.49305169912
351,44175.67133673171,5075.417898334836,44175.67133673171,40828.49305169912
352,42797.43449808515,4303.487648392214,42797.43449808515,40828.49305169912
353,44962.27516453597,5870.736185001004,44962.27516453597,40828.49305169912
354,44000.37332406171,5120.615938819947,44000.37332406171,40828.49305169912
355,44607.08134303319,6107.7620913330475,44607.08134303319,40828.49305169912
356,47958.42110340492,7551.638861711796,47958.42110340492,40828.49305169912
357,41392.67297895818,3266.163047687916,41392.67297895818,40828.49305169912
358,43515.51802562303,5004.6763664927985,43515.51802562303,40828.49305169912
359,44569.21512107122,5889.408879030127,44569.21512107122,40828.49305169912
360,41790.14592478595,3330.8212404530145,41790.14592478595,40828.49305169912
361,42684.25462894361,4271.762912539767,42684.25462894361,40828.49305169912
362,43855.26638197684,5030.161342052455,43855.26638197684,40828.49305169912
363,46184.68610870137,6621.4407775799355,46184.68610870137,40828.49305169912
364,45006.76719938741,5728.288442553281,45006.76719938741,40828.49305169912
365,44835.32890230463,5794.975677661414,44835.32890230463,40828.49305169912
366,43132.537445949434,4429.556135366542,43132.537445949434,40828.49305169912
367,46027.869199494606,6593.818735432271,46027.869199494606,40828.49305169912
368,43876.188712324285,4938.331674141474,43876.188712324285,40828.49305169912
369,45699.65157521963,5820.268322221146,45699.65157521963,40828.49305169912
370,42880.61098157869,4486.55997347492,42880.61098157869,40828.49305169912
371,42416.95240983508,4021.3642880095867,42416.95240983508,40828.49305169912
372,46075.54355276962,6976.693726725001,46075.54355276962,40828.49305169912
373,42484.38201765446,4065.6996047113084,42484.38201765446,40828.49305169912
374,44556.76223651432,5679.511804214376,44556.76223651432,40828.49305169912
375,43576.863293025366,4866.573041757374,43576.863293025366,40828.49305169912
376,42112.20988216062,3454.250656670049,42112.20988216062,40828.49305169912
377,45614.13611436144,5738.791355519481,45614.13611436144,40828.49305169912
378,45637.88193437437,6406.873084057088,45637.88193437437,40828.49305169912
379,49918.92241908687,8329.821314815574,49918.92241908687,40828.49305169912
380,42656.13423552276,4212.5872180489305,42656.13423552276,40828.49305169912
381,44349.3797577269,5810.683042123239,44349.3797577269,40828.49305169912
382,42566.78026683217,4049.7183603360886,42566.78026683217,40828.49305169912
383,45069.902130337076,5866.283493354555,45069.902130337076,40828.49305169912
384,46043.444454615594,5774.839641057019,46043.444454615594,40828.49305169912
385,44043.15359752117,5089.210038631672,44043.15359752117,40828.49305169912
386,43831.38895785198,4920.526662935614,43831.38895785198,40828.49305169912
387,48109.33590114671,8639.77839844021,48109.33590114671,40828.49305169912
388,43633.4621850984,4899.009473965429,43633.4621850984,40828.49305169912
389,45172.153326357016,5996.097290483992,45172.153326357016,40828.49305169912
390,46836.989891634,6516.083274394679,46836.989891634,40828.49305169912
391,44593.356029080736,5847.8752166636405,44593.356029080736,40828.49305169912
392,47741.57298384879,8296.622246597737,47741.57298384879,40828.49305169912
393,45245.18257696453,5989.546260121159,45245.18257696453,40828.49305169912
394,44395.858545896204,5895.038421875279,44395.858545896204,40828.49305169912
395,46728.15693238308,6704.709071543128,46728.15693238308,40828.49305169912
396,49184.24112798086,6601.282420586744,49184.24112798086,40828.49305169912
397,42581.23483860715,4209.702822657551,42581.23483860715,40828.49305169912
398,43230.54788074665,5015.516781668324,43230.54788074665,40828.49305169912
399,43707.166676733126,4985.891477773754,43707.166676733126,40828.49305169912
400,42675.51965929892,4239.766715455238,42675.51965929892,40828.49305169912
401,43777.56965511762,4868.93789919661,43777.56965511762,40828.49305169912
402,44129.03330007648,5289.827105124705,44129.03330007648,40828.49305169912
403,46063.872056239015,6011.051010041972,46063.872056239015,40828.49305169912
404,44081.52405070524,5168.520143605262,44081.52405070524,40828.49305169912
405,44441.95902389078,5848.654246490938,44441.95902389078,40828.49305169912
406,44825.4718078163,6118.80507246782,44825.4718078163,40828.49305169912
407,43523.47823179899,4833.226082494444,43523.47823179899,40828.49305169912
408,46120.878262667014,6952.968820037796,46120.878262667014,40828.49305169912
409,47034.372716995116,6607.955409981269,47034.372716995116,40828.49305169912
410,43517.254714145005,4979.045846949049,43517.254714145005,40805.378728468524
411,45772.24104920362,6702.23759928904,45772.24104920362,40805.378728468524
412,44330.613111922976,4826.031591875338,44330.613111922976,40805.378728468524
413,42302.15327160524,4175.264622966165,42302.15327160524,40805.378728468524
414,43729.83955527305,4179.383691051026,43729.83955527305,40805.378728468524
415,44780.641323598094,5767.910554742144,44780.641323598094,40805.378728468524
416,45202.56707745739,5078.0339087234415,45202.56707745739,40805.378728468524
417,45734.852125080084,5792.415490089624,45734.852125080084,40805.378728468524
418,46286.6784717356,6034.623130288874,46286.6784717356,40805.378728468524
419,44533.00931565015,5837.277099944232,44533.00931565015,40805.378728468524
420,41009.21481243707,3266.6675565626742,41009.21481243707,40805.378728468524
421,46238.378642525015,6585.183775309684,46238.378642525015,40805.378728468524
422,43788.85980812669,4945.318369673713,43788.85980812669,40805.378728468524
423,45512.08872339935,5846.963158302843,45512.08872339935,40805.378728468524
424,44358.7272668913,4825.565899820147,44358.7272668913,40805.378728468524
425,42267.60426984001,4113.947375946331,42267.60426984001,40805.378728468524
426,42246.38882101766,4077.5422743247923,42246.38882101766,40805.378728468524
427,45771.74851834121,6395.602081319143,45771.74851834121,40805.378728468524
428,44597.94502515965,5601.783966800118,44597.94502515965,40805.378728468524
429,44603.281173537776,5776.607368396959,44603.281173537776,40805.378728468524
430,43675.607535890325,5102.981670964507,43675.607535890325,40805.378728468524
431,46366.75691386662,6889.2709751472285,46366.75691386662,40805.378728468524
432,42458.95132593547,4280.144872804836,42458.95132593547,40805.378728468524
433,46879.313609289806,6772.941969271522,46879.313609289806,40805.378728468524
434,45767.753545967695,5882.995658665977,45767.753545967695,40805.378728468524
435,47071.07387906555,5930.480849897862,47071.07387906555,40805.378728468524
436,46874.341039746454,6588.235213118149,46874.341039746454,40805.378728468524
437,44594.18984018662,5791.867043045313,44594.18984018662,40805.378728468524
438,45796.54005017386,5979.8157175996175,45796.54005017386,40805.378728468524
439,42834.9089171538,4165.608574142186,42834.9089171538,40805.378728468524
440,46789.47699002335,6776.069442794772,46789.47699002335,40805.378728468524
441,43605.173617628054,4835.35819282838,43605.173617628054,40805.378728468524
442,42568.31687952826,4135.012077669466,42568.31687952826,40805.378728468524
443,44734.98747291627,5792.683089635354,44734.98747291627,40805.378728468524
444,44981.35389632815,5623.693784728285,44981.35389632815,40805.378728468524
445,44766.61566520102,5719.764523026346,44766.61566520102,40805.378728468524
446,44559.003987406155,5918.822312054756,44559.003987406155,40805.378728468524
447,42625.14466514588,4238.9926468811855,42625.14466514588,40803.15727899697
448,43960.170696026515,4551.015611915277,43960.170696026515,40803.15727899697
449,47089.70845885164,6676.085843032012,47089.70845885164,40803.15727899697
450,42231.239487951054,3077.0170107618515,42231.239487951054,40803.15727899697
451,41578.40200549964,2786.098522531414,41578.40200549964,40803.15727899697
452,44460.318715841415,4510.868136162504,44460.318715841415,40803.157278996965
453,44524.38448507945,5689.166995011765,44524.38448507945,40803.157278996965
454,44060.13164990082,4727.596575517096,44060.13164990082,40803.157278996965
455,42764.87219119594,3739.7090595048176,42764.87219119594,40803.157278996965
456,43547.37006605751,3855.1369889336543,43547.37006605751,40803.157278996965
457,42338.18564036242,3870.094759986362,42338.18564036242,40803.157278996965
458,44404.59183191689,4683.802559292233,44404.59183191689,40803.157278996965
459,44918.02946366777,5568.424493161879,44918.02946366777,40803.157278996965
460,43503.86045561494,4582.121237029294,43503.86045561494,40803.157278996965
461,45344.795279007514,5494.392430535682,45344.795279007514,40803.157278996965
462,48032.46725323529,7220.77524581666,48032.46725323529,40701.62212191487
463,41526.31481511507,3004.5078344713265,41526.31481511507,40701.62212191487
464,43469.33440051445,3799.226557150317,43469.33440051445,40701.62212191487
465,45558.99220396582,5496.702618960584,45558.99220396582,40695.212019336745
466,45794.23327596395,6529.948780665783,45794.23327596395,40695.212019336745
467,42178.361830745984,3766.3482732042626,42178.361830745984,40695.212019336745
468,42226.847674869074,3732.8771220559674,42226.847674869074,40695.212019336745
469,46376.177317971946,6968.29755579281,46376.177317971946,40695.212019336745
470,44926.95681385781,5522.248574656445,44926.95681385781,40695.212019336745
471,43370.939634091425,4739.363179652105,43370.939634091425,40695.21201933674
472,44898.46687423011,5723.619773290893,44898.46687423011,40695.21201933674
473,43311.56826978647,3955.928970636941,43311.56826978647,40695.21201933674
474,44077.090422947906,4863.875747671304,44077.090422947906,40695.21201933674
475,43740.557967662564,4802.941964624543,43740.557967662564,40695.21201933674
476,43618.21936251273,3809.4708006493847,43618.21936251273,40695.21201933674
477,47835.84968273132,7337.193523595338,47835.84968273132,40695.21201933674
478,43210.830620830064,4646.16632902873,43210.830620830064,40695.21201933674
479,43329.88263366466,4858.888187630759,43329.88263366466,40695.21201933674
480,42788.50478254956,4031.3479599972443,42788.50478254956,40695.21201933674
481,43560.804488811504,4808.037561044738,43560.804488811504,40695.21201933674
482,42408.3850505756,3804.003975977531,42408.3850505756,40695.21201933674
483,42475.907952269,3841.023155873966,42475.907952269,40695.21201933674
484,43293.86161834387,4648.500898948414,43293.86161834387,40695.21201933674
485,43998.40360120735,5111.764569180729,43998.40360120735,40695.21201933674
486,43338.475650927205,4728.946592666782,43338.475650927205,40695.21201933674
487,42700.28629167435,3905.934237924609,42700.28629167435,40695.21201933674
488,43445.72324532582,4628.228369451409,43445.72324532582,40695.21201933674
489,44282.35575828018,4711.310129058249,44282.35575828018,40695.21201933674
490,45731.343118425306,5740.671007173096,45731.343118425306,40695.21201933674
491,44727.308725623945,5747.972194509267,44727.308725623945,40695.21201933674
492,43620.513522641195,4671.27130436195,43620.513522641195,40695.21201933674
493,45588.13138243598,6547.697984045832,45588.13138243598,40695.21201933674
494,43718.752424549835,4747.410353988933,43718.752424549835,40695.21201933674
495,45751.87420542828,5719.682661888049,45751.87420542828,40695.21201933674
496,43516.05585594366,4793.831536812687,43516.05585594366,40695.21201933674
497,46837.551223265276,6465.239180869756,46837.551223265276,40695.21201933674
498,44176.62019527027,5476.465088957118,44176.62019527027,40695.21201933674
499,44580.63148097104,5695.62691441766,44580.63148097104,40695.21201933674
500,43119.081202082634,3935.3696779676734,43119.081202082634,40695.21201933674
501,41466.93103614163,2966.6390166290644,41466.93103614163,40695.21201933674
502,42405.00458456428,3908.7835538712534,42405.00458456428,40695.21201933674
503,43920.157130623156,4849.3297031667735,43920.157130623156,40695.21201933674
504,45803.97850061047,6845.336106610771,45803.97850061047,40695.21201933674
505,42445.53070447165,3822.1138128871926,42445.53070447165,40695.21201933674
506,42671.164204854744,3924.1460386952954,42671.164204854744,40695.21201933674
507,41884.3604823194,3690.0748367501847,41884.3604823194,40211.673767352906
508,44610.55594862336,5057.73222697796,44610.55594862336,40211.673767352906
509,45287.27541083176,6372.781235114507,45287.27541083176,40211.673767352906
510,47080.07290056753,6477.704855351984,47080.07290056753,40211.673767352906
511,44815.611798926,5900.3422847327965,44815.611798926,40211.673767352906
512,43235.19072413647,4019.621677417749,43235.19072413647,40211.673767352906
513,46170.98926040837,5430.186938789318,46170.98926040837,40211.673767352906
514,41164.867384016005,3169.259108103728,41164.867384016005,40211.673767352906
515,45815.917161197765,6635.799643180459,45815.917161197765,40211.673767352906
516,41885.96856174496,3752.2001864387116,41885.96856174496,40211.673767352906
517,45448.712541601904,6641.6277790956765,45448.712541601904,40211.673767352906
518,43324.886193134145,4668.477850749914,43324.886193134145,40211.673767352906
519,45161.38922870711,5462.105362766971,45161.38922870711,40211.673767352906
520,44951.32398289717,6318.821258300008,44951.32398289717,40211.673767352906
521,42639.68227302246,4666.42750201864,42639.68227302246,40211.673767352906
522,42541.4599472152,3889.105454248439,42541.4599472152,40211.673767352906
523,43441.82381138095,4981.173773284738,43441.82381138095,40211.673767352906
524,44458.473834156546,4735.381857433636,44458.473834156546,40211.673767352906
525,47320.46287393371,7135.390011132312,47320.46287393371,40211.673767352906
526,40774.530933090355,3022.659739925572,40774.530933090355,40211.673767352906
527,41863.18979089054,3975.483559784328,41863.18979089054,40211.673767352906
528,46636.41760817815,7226.3176030582035,46636.41760817815,40211.673767352906
529,44205.87568136303,4862.943567088847,44205.87568136303,40211.673767352906
530,42442.8821798608,4083.278191885677,42442.8821798608,40211.673767352906
531,43179.14541569869,4919.612216063209,43179.14541569869,40211.673767352906
532,42810.81678557535,4797.090234571383,42810.81678557535,40211.673767352906
533,43173.89505357247,4923.088589933625,43173.89505357247,40211.673767352906
534,45054.325352976404,4797.517568606704,45054.325352976404,40211.673767352906
535,44620.81778794438,5666.293185864051,44620.81778794438,40211.673767352906
536,43807.73874796522,4721.828343400468,43807.73874796522,40211.673767352906
537,44434.031196018135,4781.147062234055,44434.031196018135,40211.673767352906
538,43139.16156963691,4646.598029313807,43139.16156963691,40211.673767352906
539,44366.36427731091,5463.764475141894,44366.36427731091,40211.673767352906
540,44099.43433417139,5367.434816314225,44099.43433417139,40211.673767352906
541,44258.8460678877,4707.639991863898,44258.8460678877,40211.673767352906
542,48788.07531586816,7248.747820907238,48788.07531586816,40211.673767352906
543,45028.74364087933,5609.008742903393,45028.74364087933,40211.673767352906
544,44347.096084882156,5541.729151868593,44347.096084882156,40211.673767352906
545,43360.634823376335,4769.611972655245,43360.634823376335,40211.673767352906
546,43271.42870244226,4730.44663064726,43271.42870244226,40211.673767352906
547,43000.687820634506,4759.330547133318,43000.687820634506,40211.673767352906
548,41975.915256950364,3933.3479771540356,41975.915256950364,40211.673767352906
549,44263.99951190831,5619.1766546860845,44263.99951190831,40211.673767352906
550,44346.38370913123,5982.8723725156715,44346.38370913123,40211.673767352906
551,42082.040115197386,3769.496928650276,42082.040115197386,40211.673767352906
552,45912.60280917004,5773.198853434729,45912.60280917004,40211.673767352906
553,42874.040484727404,4631.5328034173735,42874.040484727404,40211.673767352906
554,43051.83522851945,4738.040087114311,43051.83522851945,40211.673767352906
555,41638.79151070266,3833.271472004681,41638.79151070266,40211.673767352906
556,46074.93749548129,6302.483132467363,46074.93749548129,40211.673767352906
557,44780.791715058556,5577.900758739117,44780.791715058556,40211.673767352906
558,40977.286329354814,3192.375961318699,40977.286329354814,40211.673767352906
559,44409.460020422535,5508.079614979285,44409.460020422535,40211.673767352906
560,47756.46259691248,8254.950135247835,47756.46259691248,40211.673767352906
561,43994.256955023026,5519.758574416237,43994.256955023026,40211.673767352906
562,42023.933069201004,3844.887781018074,42023.933069201004,40211.673767352906
563,43259.42726927575,4527.499487485536,43259.42726927575,40211.673767352906
564,48251.38720437306,6583.845195319627,48251.38720437306,40211.673767352906
565,43960.704957005975,5683.872797196603,43960.704957005975,40211.673767352906
566,47233.2592314646,6558.069290324782,47233.2592314646,40211.673767352906
567,43109.47932372759,4693.570560384052,43109.47932372759,40211.673767352906
568,41622.0865007556,3934.516620269585,41622.0865007556,40211.673767352906
569,41034.199021777014,2991.916992818512,41034.199021777014,40211.673767352906
570,43861.11811372668,4786.225417101829,43861.11811372668,40211.673767352906
571,43808.51970744443,5501.18492020367,43808.51970744443,40211.673767352906
572,46049.50512390609,6286.48790648886,46049.50512390609,40211.673767352906
573,44935.86696317549,6229.996755835536,44935.86696317549,40211.673767352906
574,44678.0924034964,4984.134317701014,44678.0924034964,40211.673767352906
575,42050.920409637256,4009.9252683495265,42050.920409637256,40211.673767352906
576,43123.90389230393,5094.080026524403,43123.90389230393,40211.673767352906
577,41674.85079289428,3737.2711448670634,41674.85079289428,40211.673767352906
578,44182.996324788975,5467.965273070239,44182.996324788975,40211.673767352906
579,43159.04181334699,4840.445628032098,43159.04181334699,40211.673767352906
580,43018.43232791682,3857.073748655245,43018.43232791682,40211.673767352906
581,43086.809472859255,4537.5088432391885,43086.809472859255,40211.673767352906
582,45892.546296569046,6461.47752244817,45892.546296569046,40211.673767352906
583,40618.65279317717,2895.05565710706,40618.65279317717,40211.673767352906
584,42740.43273641488,4494.945160187291,42740.43273641488,40211.673767352906
585,45043.40136294447,4888.193024592712,45043.40136294447,40211.673767352906
586,45651.88776092005,5948.9121136723015,45651.88776092005,40211.673767352906
587,47095.32056332078,7344.277135856083,47095.32056332078,40211.673767352906
588,43929.26509493483,4759.0685024737995,43929.26509493483,40211.673767352906
589,43457.65549878929,4706.743951407107,43457.65549878929,40211.673767352906
590,46239.77898965114,6561.7634203359075,46239.77898965114,40211.673767352906
591,44442.92739800399,4021.675364707729,44442.92739800399,40211.673767352906
592,44807.03894218443,6520.7961308198155,44807.03894218443,40211.673767352906
593,41885.06915797333,3773.418571938004,41885.06915797333,40211.673767352906
594,43265.279100451204,4684.008344182801,43265.279100451204,40211.673767352906
595,42967.510593106985,3970.215277450602,42967.510593106985,40211.673767352906
596,46843.5024755407,6467.261464978459,46843.5024755407,40211.673767352906
597,42106.10654177939,3179.711399514669,42106.10654177939,40211.673767352906
598,44004.53097415614,5644.04964514471,44004.53097415614,40211.673767352906
599,44129.24184200408,4651.064800300484,44129.24184200408,40211.673767352906
600,42181.90450411868,3879.974516415662,42181.90450411868,40211.673767352906
601,42848.429324481796,4635.563539761624,42848.429324481796,40211.673767352906
602,45162.169901405265,5542.109524940171,45162.169901405265,40211.673767352906
603,43276.70901343389,4954.220412724542,43276.70901343389,40211.673767352906
604,41245.07899696599,3083.9699110795436,41245.07899696599,40211.673767352906
605,43135.50904613157,4733.093044332035,43135.50904613157,40211.673767352906
606,40888.536372449445,3099.809965410851,40888.536372449445,40211.673767352906
607,41586.56559844223,3829.9965191166075,41586.56559844223,40211.673767352906
608,44375.36935839596,5664.122845510799,44375.36935839596,40211.673767352906
609,45454.43480065054,5566.200918090793,45454.43480065054,40211.673767352906
610,44132.45602381029,5689.348569578461,44132.45602381029,40211.673767352906
611,41952.52305417093,3988.3550433512546,41952.52305417093,40211.673767352906
612,43959.11335143633,4705.372601577347,43959.11335143633,40211.673767352906
613,40479.49562488853,2878.685089005169,40479.49562488853,40211.673767352906
614,43412.68789571434,5019.073555173648,43412.68789571434,40211.673767352906
615,45292.09678484545,4861.762476810063,45292.09678484545,40211.673767352906
616,43000.328759193406,4586.145200927535,43000.328759193406,40211.673767352906
617,43139.737921603344,4739.027926232064,43139.737921603344,40211.673767352906
618,40591.69847615405,2893.105538935814,40591.69847615405,40211.673767352906
619,42967.90976217,4687.404496166641,42967.90976217,40211.673767352906
620,40906.46935716307,3031.8490725181023,40906.46935716307,40211.673767352906
621,41759.26341989047,3924.072009512341,41759.26341989047,40211.673767352906
622,44226.84416553886,5914.91157195235,44226.84416553886,40211.673767352906
623,44975.175732418444,6509.167493423911,44975.175732418444,40211.673767352906
624,41468.776849901406,3016.189011434168,41468.776849901406,40211.673767352906
625,43219.08404863523,4859.838894188333,43219.08404863523,40211.673767352906
626,42177.280732870786,3938.4372289394096,42177.280732870786,40211.673767352906
627,43171.743969217794,4719.419852886414,43171.743969217794,40211.673767352906
628,40710.845899289445,2896.8809068272253,40710.845899289445,40211.673767352906
629,45469.97984086066,5594.457020688978,45469.97984086066,40211.673767352906
630,40838.91213121393,3205.2673105773056,40838.91213121393,40211.673767352906
631,42338.36510169062,4027.97774616466,42338.36510169062,40211.673767352906
632,44297.6416914816,5541.588124228359,44297.6416914816,40211.673767352906
633,46438.36528813449,6599.15559460513,46438.36528813449,40211.673767352906
634,42704.942332539686,4718.601902555251,42704.942332539686,40211.673767352906
635,43477.18108009535,4881.45077677937,43477.18108009535,40211.673767352906
636,41020.89557633414,2889.864396957125,41020.89557633414,40211.673767352906
637,45654.86076675872,4921.954749540376,45654.86076675872,40211.673767352906
638,43263.87202667075,4786.845938558506,43263.87202667075,40211.673767352906
639,42133.86323462974,4112.804252146292,42133.86323462974,40211.673767352906
640,47352.40867777776,7553.359658084085,47352.40867777776,40211.673767352906
641,46791.32590701712,6766.421468211275,46791.32590701712,40211.673767352906
642,45040.839013514174,6502.895767385014,45040.839013514174,40211.673767352906
643,47482.71866262396,6408.753065346124,47482.71866262396,40211.673767352906
644,46539.035896910245,7188.77519180771,46539.035896910245,40211.673767352906
645,41764.1297251782,3900.127098427639,41764.1297251782,40211.673767352906
646,41513.85066930442,3690.9831071259696,41513.85066930442,40211.673767352906
647,44272.16242731212,4722.050750864781,44272.16242731212,40211.673767352906
648,48186.95190406607,6766.589769796286,48186.95190406607,40211.673767352906
649,43317.34852535618,4772.99074755429,43317.34852535618,40211.673767352906
650,40938.732251181544,3165.891332053127,40938.732251181544,40211.673767352906
651,44009.25059175665,5434.718894870236,44009.25059175665,40211.673767352906
652,44290.12057182967,5634.804826311086,44290.12057182967,40197.07329471765
653,42049.092946826815,3896.5272096544722,42049.092946826815,40197.07329471765
654,41364.78600650579,3857.1305724335007,41364.78600650579,40197.07329471765
655,40553.78458458675,2886.171567016639,40553.78458458675,40197.07329471765
656,44216.7888252901,4626.846347488367,44216.7888252901,40197.07329471765
657,43899.843513700696,4750.776980518089,43899.843513700696,40197.07329471765
658,41021.161626891764,2985.914303798314,41021.161626891764,40197.07329471765
659,43986.08249316083,5569.134837790492,43986.08249316083,40197.07329471765
660,52112.06738059094,8543.476213370966,52112.06738059094,40197.07329471765
661,43070.93288063056,4702.573869904813,43070.93288063056,40197.073294717644
662,43924.5071656324,4761.595145745734,43924.5071656324,40197.073294717644
663,43332.2064122214,4812.29792288557,43332.2064122214,40197.073294717644
664,41807.16098516956,3711.820080753787,41807.16098516956,40197.073294717644
665,44945.521680185644,5680.679580083742,44945.521680185644,40197.073294717644
666,45475.87508976661,6658.334179298193,45475.87508976661,40197.073294717644
667,43568.49184040626,5242.894981010577,43568.49184040626,40197.073294717644
668,42106.44390345967,3905.277986406585,42106.44390345967,40197.073294717644
669,44986.12949590509,6335.67405839557,44986.12949590509,40197.073294717644
670,43461.79549740198,4892.745629441498,43461.79549740198,40197.073294717644
671,48465.23551458755,7377.491894047163,48465.23551458755,40197.073294717644
672,44165.53167141126,5414.036936654169,44165.53167141126,40197.073294717644
673,42503.84670834652,3811.821482419091,42503.84670834652,40197.073294717644
674,45038.47838803391,6447.784698527622,45038.47838803391,40197.073294717644
675,47247.006089877155,6268.4495802678775,47247.006089877155,40197.073294717644
676,41938.25479791045,3831.15046813155,41938.25479791045,40197.073294717644
677,40905.846194641286,2951.281290365503,40905.846194641286,40197.073294717644
678,44336.75869192817,5658.935818635652,44336.75869192817,40197.073294717644
679,45697.07359618305,5437.340687611166,45697.07359618305,40197.073294717644
680,46020.09683280724,6387.816475519858,46020.09683280724,40197.073294717644
681,42203.863959712544,4125.4707497827085,42203.863959712544,40197.073294717644
682,44187.612734639006,4702.387727582061,44187.612734639006,40197.073294717644
683,42733.308628924526,4567.1137120315125,42733.308628924526,40197.073294717644
684,42784.27362452676,4658.533182706941,42784.27362452676,40197.073294717644
685,44362.56355621305,5800.46139303878,44362.56355621305,40197.073294717644
686,42146.89671246354,3929.2907654261917,42146.89671246354,40197.073294717644
687,41789.2325065658,3757.395787223878,41789.2325065658,40197.073294717644
688,44362.11494931795,5649.414623305101,44362.11494931795,40197.073294717644
689,42112.9227621961,3855.568694463707,42112.9227621961,40197.073294717644
690,44225.398584487724,5397.254649726279,44225.398584487724,40197.073294717644
691,45296.59819334265,4774.450574491261,45296.59819334265,40197.073294717644
692,44078.83433725994,5631.443206753072,44078.83433725994,40197.073294717644
693,41942.28103738515,3856.011372908174,41942.28103738515,40197.073294717644
694,44089.49849059735,5639.8077565433105,44089.49849059735,40197.073294717644
695,46291.615235230405,6350.888077727176,46291.615235230405,40197.073294717644
696,43094.3030565128,4803.023490100268,43094.3030565128,40197.073294717644
697,42880.21778194396,4634.136593494562,42880.21778194396,40197.073294717644
698,45352.19591897472,5668.756573074486,45352.19591897472,40197.073294717644
699,42811.67245442493,4474.033496330407,42811.67245442493,40197.073294717644
700,41140.012233623755,3038.5663069855004,41140.012233623755,40197.073294717644
701,41817.609080691305,3847.658859190952,41817.609080691305,40197.073294717644
702,43311.39027885724,4605.8690970718435,43311.39027885724,40197.073294717644
703,43255.58938093532,4914.800792602262,43255.58938093532,40197.073294717644
704,44601.14589872689,5551.719565354818,44601.14589872689,40197.073294717644
705,42362.117215989565,4005.5161254746235,42362.117215989565,40197.073294717644
706,43962.60425259542,3931.159371524659,43962.60425259542,40197.073294717644
707,44391.59053540608,4797.007751002437,44391.59053540608,40197.073294717644
708,41534.73715551787,3356.87817237438,41534.73715551787,40197.073294717644
709,41901.95177249235,3813.339553133348,41901.95177249235,40197.073294717644
710,44087.42749125746,5737.787438751302,44087.42749125746,40197.073294717644
711,40847.779000076924,3004.2723056878576,40847.779000076924,40197.073294717644
712,41569.74719207434,3811.287763844146,41569.74719207434,40197.073294717644
713,42962.52148483625,4632.657183985181,42962.52148483625,40162.18041437594
714,44014.35082831599,5449.810420526548,44014.35082831599,40162.18041437594
715,42965.41569587988,4697.663269994447,42965.41569587988,40162.18041437594
716,44928.54048318644,6353.0112915356685,44928.54048318644,40162.18041437594
717,41861.23636204786,3915.1230704066647,41861.23636204786,40162.18041437594
718,40756.77658917743,2937.6717290019897,40756.77658917743,40162.18041437594
719,41897.74438431166,3642.632395415339,41897.74438431166,40162.18041437594
720,43975.10845626697,5414.348760830515,43975.10845626697,40162.18041437594
721,45092.66294256154,4704.800401008114,45092.66294256154,40162.18041437594
722,43959.876766320594,5520.105442592876,43959.876766320594,40162.18041437594
723,40803.503514939504,2928.986613201028,40803.503514939504,40162.18041437594
724,43384.211582261916,4841.497809155297,43384.211582261916,40162.18041437594
725,45245.855025855526,6453.910517911733,45245.855025855526,40162.18041437594
726,43942.365044109996,4610.807348303593,43942.365044109996,40162.18041437594
727,41150.539291593814,2920.483760065322,41150.539291593814,40162.18041437594
728,43806.46454964789,5461.48545074592,43806.46454964789,40162.18041437594
729,43329.51256355093,4927.69647256759,43329.51256355093,40162.18041437594
730,41066.80058531648,3094.3879013784435,41066.80058531648,40162.18041437594
731,40767.59353261732,2805.984129807182,40767.59353261732,40162.18041437594
732,45264.216963983316,5498.958725363843,45264.216963983316,40162.18041437594
733,43891.77983241655,5344.197133989678,43891.77983241655,40162.18041437594
734,41583.942664785915,3698.303693752111,41583.942664785915,40162.18041437594
735,45797.584634788356,6520.697020017322,45797.584634788356,40162.18041437594
736,41131.33304768419,2929.071457387675,41131.33304768419,40121.99092797261
737,42074.15415177097,3805.5469442432186,42074.15415177097,40121.99092797261
738,42519.84642613369,4592.614294987209,42519.84642613369,40121.990927972605
739,43979.22324884485,5604.309549540159,43979.22324884485,40121.990927972605
740,41987.84376694767,3946.7303955353455,41987.84376694767,40121.990927972605
741,43679.89321193628,5676.424826417155,43679.89321193628,40121.990927972605
742,42748.84623273576,4836.700785062409,42748.84623273576,40121.990927972605
743,42826.758665962014,4827.694027103343,42826.758665962014,40121.990927972605
744,43215.651931569104,3979.66161225599,43215.651931569104,40121.990927972605
745,43107.92604196533,4983.51562357843,43107.92604196533,40121.990927972605
746,41835.61815521069,4000.2717725796465,41835.61815521069,40105.40062440115
747,44265.10786687731,5792.122468539585,44265.10786687731,40105.40062440115
748,40583.66068494104,3129.580706886006,40583.66068494104,40105.40062440115
749,44056.74073484706,4937.438983160342,44056.74073484706,40105.40062440115
750,45180.698710296725,6650.118485266279,45180.698710296725,40105.40062440115
751,41537.22363162817,4012.3619813167716,41537.22363162817,40105.40062440115
752,41622.62947947804,3955.6007950305575,41622.62947947804,40105.40062440115
753,47272.95602960813,6584.957925829396,47272.95602960813,40105.40062440115
754,41000.40604179351,3447.4982539141092,41000.40604179351,40105.40062440115
755,45323.96040723233,5609.098269800394,45323.96040723233,40105.40062440115
756,44269.166226825255,5652.598695926676,44269.166226825255,40105.40062440115
757,41925.00055443112,3898.5997355294735,41925.00055443112,40105.40062440115
758,42896.52221488897,5011.463908540003,42896.52221488897,40105.40062440115
759,40745.45164146531,3166.9054226404996,40745.45164146531,40105.40062440115
760,44119.570056933044,5044.7131656095635,44119.570056933044,40105.40062440115
761,45243.61144543603,7034.817863695629,45243.61144543603,40105.40062440115
762,43028.825578496,4762.265445043342,43028.825578496,40105.40062440115
763,41444.68066420524,4045.9140534057906,41444.68066420524,40105.40062440115
764,44052.517958219076,5866.021425994751,44052.517958219076,40105.40062440115
765,46500.03974481831,7379.312654139937,46500.03974481831,40105.40062440115
766,45112.7402800396,5741.363003426608,45112.7402800396,40105.40062440115
767,45101.366715924516,6501.36234325612,45101.366715924516,40105.40062440115
768,44504.17268623243,4809.765047992014,44504.17268623243,40105.40062440115
769,43162.74726365717,4996.062598566439,43162.74726365717,40105.40062440115
770,45090.30177918869,6939.065483998939,45090.30177918869,40105.40062440115
771,43505.82680142682,5027.124329247665,43505.82680142682,40105.40062440115
772,45192.584303380434,5814.0618800168995,45192.584303380434,40105.40062440115
773,42566.13109025225,4800.55861701918,42566.13109025225,40105.40062440115
774,41640.023440523066,3936.4197124130296,41640.023440523066,40105.40062440115
775,41745.6263236558,3962.131588125706,41745.6263236558,40105.40062440115
776,43472.55391982988,4980.515672841832,43472.55391982988,40105.40062440115
777,42174.12833767016,4041.576975006671,42174.12833767016,40105.40062440115
778,42587.326247221565,5055.602239003098,42587.326247221565,40105.40062440115
779,41859.692297604335,4075.124673488042,41859.692297604335,40105.40062440115
780,44078.46904564831,5775.605314917735,44078.46904564831,40105.40062440115
781,42031.433069941515,4042.536454624302,42031.433069941515,40105.40062440115
782,43018.88490842724,5019.949277032027,43018.88490842724,40105.40062440115
783,41955.66521914072,4134.223864636408,41955.66521914072,40105.40062440115
784,47228.51936886325,7567.384725328127,47228.51936886325,40105.40062440115
785,41862.91376659178,3936.267622787748,41862.91376659178,40105.40062440115
786,41908.56469638966,4016.711532353745,41908.56469638966,40105.40062440115
787,42191.087470761944,4065.0435752963895,42191.087470761944,40105.40062440115
788,43067.873225439136,4689.829339275853,43067.873225439136,40105.40062440115
789,42807.28121742461,4806.04670937315,42807.28121742461,40105.40062440115
790,43409.04226428089,4761.495189507451,43409.04226428089,40105.40062440115
791,40734.71504447349,3146.719947372111,40734.71504447349,40105.40062440115
792,45452.49166589047,5015.553407164549,45452.49166589047,40105.40062440115
793,46337.371528918826,6663.942517418234,46337.371528918826,40105.40062440115
794,43888.84047631385,5707.131131726562,43888.84047631385,40105.40062440115
795,44283.835724932156,5677.108918368964,44283.835724932156,40105.40062440115
796,44871.52539503064,6715.438862469254,44871.52539503064,40105.40062440115
797,44303.76211812324,4953.438023785549,44303.76211812324,40105.40062440115
798,42028.59637719883,4040.969254398261,42028.59637719883,40105.40062440115
799,41880.83913849492,4101.457434378298,41880.83913849492,40105.40062440115
800,41569.471546814486,4117.747383439624,41569.471546814486,40105.40062440115
801,43813.42978967271,5789.687478741519,43813.42978967271,40105.40062440115
802,43176.67783125826,4859.697683524986,43176.67783125826,40105.40062440115
803,44069.86362922603,5719.194676354891,44069.86362922603,40105.40062440115
804,45249.774747817144,6389.1133948736915,45249.774747817144,40105.40062440115
805,45089.37980948329,5547.0800024486125,45089.37980948329,40105.40062440115
806,41810.02699688492,3857.6404788237,41810.02699688492,40105.40062440115
807,41495.61900201913,3826.277101315695,41495.61900201913,40105.40062440115
808,43282.394275490515,4956.420782615441,43282.394275490515,40105.40062440115
809,41734.46168543511,3988.678577691005,41734.46168543511,39674.50112959039
810,42633.99876775207,4893.572380992582,42633.99876775207,39674.50112959039
811,41519.473907175816,3822.688347294933,41519.473907175816,39674.50112959039
812,44580.838144627334,5557.853935602366,44580.838144627334,39674.50112959039
813,40473.63570371758,3027.8607007611895,40473.63570371758,39674.50112959039
814,41198.85163871189,3954.9599452478606,41198.85163871189,39674.50112959039
815,42388.266237464544,4539.949188074887,42388.266237464544,39674.50112959039
816,43591.46811284148,4738.595148111002,43591.46811284148,39674.50112959039
817,40647.45147111245,3098.879478615304,40647.45147111245,39674.50112959039
818,42329.7950233232,4659.540435212003,42329.7950233232,39674.50112959039
819,41380.47738889237,3848.91293158477,41380.47738889237,39674.50112959039
820,40052.19223439581,2823.423523340795,40052.19223439581,39674.50112959039
821,41733.94701573576,3700.1470565903983,41733.94701573576,39674.50112959039
822,42552.856444579535,4430.768968747755,42552.856444579535,39674.50112959039
823,41209.4127075337,3897.01187453283,41209.4127075337,39674.50112959039
824,42263.31105280974,4648.46509136334,42263.31105280974,39674.50112959039
825,43457.63479959902,5521.434385798178,43457.63479959902,39674.50112959039
826,43550.08296524249,5679.025627441034,43550.08296524249,39674.50112959039
827,43445.672366679195,5249.6868050224175,43445.672366679195,39674.50112959039
828,43681.565065941024,3820.6970844438465,43681.565065941024,39674.50112959039
829,41673.06517354391,3970.778831782919,41673.06517354391,39674.50112959039
830,41247.12717558934,3789.274759514234,41247.12717558934,39674.50112959039
831,43537.167722210244,5707.993054130403,43537.167722210244,39674.50112959039
832,42145.10877244827,3997.1188063941763,42145.10877244827,39674.50112959039
833,43617.056160321255,4658.59403813734,43617.056160321255,39674.50112959039
834,42219.12211280704,4687.324742734597,42219.12211280704,39674.50112959039
835,42337.336638054425,3720.242824745687,42337.336638054425,39674.50112959039
836,40445.60423804327,2950.85329462347,40445.60423804327,39674.50112959039
837,43878.28068101142,5548.740595205044,43878.28068101142,39674.50112959039
838,41184.08608363222,3838.0687831697423,41184.08608363222,39674.50112959039
839,44757.16916861896,5497.552033125316,44757.16916861896,39674.50112959039
840,43681.687831142684,5530.905259289379,43681.687831142684,39674.50112959039
841,43384.23391201973,5421.344697318917,43384.23391201973,39674.50112959039
842,41622.603209871406,3693.49320906332,41622.603209871406,39674.50112959039
843,44883.26395853418,6308.214918926678,44883.26395853418,39674.50112959039
844,44211.14095356742,5711.419855229183,44211.14095356742,39674.50112959039
845,44511.535544747196,5611.688516224136,44511.535544747196,39674.50112959039
846,43429.189267912494,5680.152988850941,43429.189267912494,39674.50112959039
847,42444.70486201709,4631.955485302468,42444.70486201709,39674.50112959039
848,41417.41658419839,3874.9015345942535,41417.41658419839,39674.50112959039
849,44954.61694066876,6428.62174854975,44954.61694066876,39674.50112959039
850,41968.41732527445,3868.5317643481294,41968.41732527445,39674.50112959039
851,41445.17169178721,3816.6193043642124,41445.17169178721,39674.50112959039
852,43762.78209139453,5526.849331802239,43762.78209139453,39674.50112959039
853,43433.24909669232,5502.56964218324,43433.24909669232,39674.50112959039
854,44071.809354690435,5390.7169065416965,44071.809354690435,39674.50112959039
855,42688.165056188656,4552.517819941813,42688.165056188656,39674.50112959039
856,46243.2942116199,6623.105500994723,46243.2942116199,39674.50112959039
857,44777.074772595435,5520.73631127109,44777.074772595435,39674.50112959039
858,43378.49479833598,5237.5228839714955,43378.49479833598,39674.50112959039
859,47148.040111352624,5698.085902650966,47148.040111352624,39674.50112959039
860,41392.78267536963,3839.4722495267806,41392.78267536963,39674.50112959039
861,43791.734136122206,5691.63047276541,43791.734136122206,39674.50112959039
862,44742.88692938229,5531.600297676135,44742.88692938229,39674.50112959039
863,40266.835025087916,2935.8292962404184,40266.835025087916,39674.50112959039
864,43432.51680773856,5459.251503258451,43432.51680773856,39674.50112959039
865,45087.14900160108,5798.932038504645,45087.14900160108,39674.50112959039
866,41346.427549971835,3654.3223708134383,41346.427549971835,39674.50112959039
867,43550.56402123429,5330.610648893216,43550.56402123429,39674.50112959039
868,42130.72754808325,4373.214871155009,42130.72754808325,39674.50112959039
869,42445.65959816806,4650.275289369279,42445.65959816806,39674.50112959039
870,40967.459490992675,3636.8507989392556,40967.459490992675,39674.50112959039
871,45330.776523456014,6328.577175354536,45330.776523456014,39674.50112959039
872,41089.4275697702,3905.6833239151056,41089.4275697702,39674.50112959039
873,41471.10033943052,3920.695841966311,41471.10033943052,39674.50112959039
874,41282.09541165087,3909.8989948406343,41282.09541165087,39674.50112959039
875,41363.388709683015,4015.025564471222,41363.388709683015,39674.50112959039
876,44581.72113393042,5509.276009263026,44581.72113393042,39674.50112959039
877,46050.594471741286,5473.962887730775,46050.594471741286,39674.50112959039
878,45601.6488660987,6457.144790840045,45601.6488660987,39674.50112959039
879,42754.67771029948,4646.571875595226,42754.67771029948,39674.50112959039
880,41878.2563531175,4077.1804946700768,41878.2563531175,39674.50112959039
881,42166.92204882276,3927.1633816842354,42166.92204882276,39674.50112959039
882,43311.60409122643,5523.569518465426,43311.60409122643,39674.50112959039
883,46523.607817994525,6397.80375986873,46523.607817994525,39674.50112959039
884,42604.671049225086,4698.442057241428,42604.671049225086,39674.50112959039
885,40533.43070458485,3056.2930131791863,40533.43070458485,39674.50112959039
886,44826.30205091687,5587.415355067106,44826.30205091687,39674.50112959039
887,43350.36665955135,5596.080158093027,43350.36665955135,39674.50112959039
888,41069.73069224566,3650.915091608686,41069.73069224566,39674.50112959039
889,43635.10239805505,4811.537658791893,43635.10239805505,39674.50112959039
890,46971.75384637029,7435.914127948063,46971.75384637029,39674.50112959039
891,42411.323739086765,4568.56857906344,42411.323739086765,39674.50112959039
892,41314.07936368147,3700.780080194818,41314.07936368147,39674.50112959039
893,42332.15977496707,4604.836108211333,42332.15977496707,39674.50112959039
894,40306.074397455886,2887.4047926905223,40306.074397455886,39674.50112959039
895,44330.56710287904,5581.090931340873,44330.56710287904,39674.50112959039
896,43592.36661956848,5494.833669388789,43592.36661956848,39674.50112959039
897,42494.53852474005,4691.244547209722,42494.53852474005,39674.50112959039
898,44880.17926235079,5733.8783446717625,44880.17926235079,39674.50112959039
899,45146.997117212326,6589.722988260323,45146.997117212326,39674.50112959039
900,40432.139936221305,2904.701443101181,40432.139936221305,39674.50112959039
901,41498.75150752305,3808.712910110501,41498.75150752305,39674.50112959039
902,40138.27266502844,2778.275220252885,40138.27266502844,39674.50112959039
903,44750.18469811273,5618.648513304809,44750.18469811273,39674.50112959039
904,41349.35585201833,3910.334190686049,41349.35585201833,39674.50112959039
905,42755.649095170265,4693.086546836157,42755.649095170265,39473.501652755185
906,46718.34933764371,6362.106755974031,46718.34933764371,39473.501652755185
907,43380.375857750856,4646.424036794458,43380.375857750856,39473.501652755185
908,42286.03488643901,4686.442977791068,42286.03488643901,39473.501652755185
909,43854.25103960287,5862.620050091234,43854.25103960287,39473.501652755185
910,41782.00796624184,3939.7702178957907,41782.00796624184,39473.501652755185
911,43797.54931777806,5748.193686352186,43797.54931777806,39473.501652755185
912,44269.43174449999,6350.136163383966,44269.43174449999,39473.501652755185
913,43570.77213203399,5378.331222955296,43570.77213203399,39473.501652755185
914,40277.08221899979,2924.9867680538346,40277.08221899979,39473.501652755185
915,42140.17078303994,4485.399100290109,42140.17078303994,39473.501652755185
916,41941.198029062405,4618.292697663968,41941.198029062405,39473.501652755185
917,41182.61703806797,3850.0144225977965,41182.61703806797,39473.501652755185
918,41072.64638818996,3776.023893885196,41072.64638818996,39473.501652755185
919,44567.364453188056,6658.043702102272,44567.364453188056,39473.501652755185
920,41260.76468884833,3796.869384364466,41260.76468884833,39473.501652755185
921,42386.91105204412,4658.162045201354,42386.91105204412,39473.501652755185
922,46856.23656690365,6612.520191879979,46856.23656690365,39473.501652755185
923,42230.45164037143,4717.4018327148515,42230.45164037143,39473.501652755185
924,43831.57525404627,5475.861100697889,43831.57525404627,39473.501652755185
925,42448.7831010645,4880.153500844645,42448.7831010645,39473.501652755185
926,41014.48669831336,3699.0171863883415,41014.48669831336,39473.501652755185
927,42051.29338300151,4536.463971826484,42051.29338300151,39473.501652755185
928,43155.60429625504,5450.807210675797,43155.60429625504,39473.501652755185
929,42561.340862756726,4757.3074075715285,42561.340862756726,39473.501652755185
930,42392.54893956911,4764.889749141743,42392.54893956911,39460.15572151612
931,41495.711896360175,3641.833304164776,41495.711896360175,39460.15572151612
932,44042.39427170319,6196.4597689910925,44042.39427170319,39460.15572151612
933,40009.38750884714,3005.1127722643337,40009.38750884714,39460.15572151612
934,45803.99760862327,7309.482798135476,45803.99760862327,39460.15572151612
935,40181.70966372288,2993.262348849434,40181.70966372288,39460.15572151612
936,45402.35842432425,6428.6952175148035,45402.35842432425,39460.15572151612
937,41138.660081173286,3706.806552185871,41138.660081173286,39460.15572151612
938,45627.432634549106,7206.892053541131,45627.432634549106,39460.15572151612
939,43433.443747073456,4477.072221021781,43433.443747073456,39460.15572151612
940,42996.82878714786,5354.919713433077,42996.82878714786,39460.15572151612
941,42592.29732620533,4721.421585525779,42592.29732620533,39460.15572151612
942,41260.0262828991,3647.722792108338,41260.0262828991,39460.15572151612
943,40513.59917237358,3120.7799778547333,40513.59917237358,39460.15572151612
944,42420.550039413436,4878.868160124378,42420.550039413436,39460.15572151612
945,45140.19534464618,6360.398012476491,45140.19534464618,39460.15572151612
946,44451.17333043407,5621.316542002647,44451.17333043407,39460.15572151612
947,41290.44091762118,3771.9708075153526,41290.44091762118,39460.15572151612
948,46383.11278071241,7095.913367892825,46383.11278071241,39460.15572151612
949,41630.18350791733,4117.34749682357,41630.18350791733,39460.15572151612
950,42793.15768018763,4848.2357314604205,42793.15768018763,39460.15572151612
951,47061.53520617928,7241.560108773299,47061.53520617928,39460.15572151612
952,43405.86282944054,5554.976781058229,43405.86282944054,39460.15572151612
953,43245.56063840418,5601.654233673003,43245.56063840418,39460.15572151612
954,44800.02115200933,5746.206388199423,44800.02115200933,39460.15572151612
955,42238.15342276528,3799.3232518954974,42238.15342276528,39460.15572151612
956,44275.79642911306,5602.030635880069,44275.79642911306,39460.15572151612
957,45873.432896776336,6396.290646266745,45873.432896776336,39460.15572151612
958,44611.9990025368,6444.523915401949,44611.9990025368,39460.15572151612
959,46552.243713825075,6468.480873981066,46552.243713825075,39460.15572151612
960,45399.59119244899,6548.777340859507,45399.59119244899,39460.15572151612
961,42192.35110825108,4678.897634642775,42192.35110825108,39460.15572151612
962,42498.846556164586,4838.085780743603,42498.846556164586,39460.15572151612
963,44180.98154718081,6240.949767608724,44180.98154718081,39460.15572151612
964,43594.27317514246,4773.471526331245,43594.27317514246,39460.15572151612
965,43470.68280691824,5442.035205666496,43470.68280691824,39460.15572151612
966,41979.61992603923,4702.734704429304,41979.61992603923,39460.15572151612
967,41100.03705625582,3906.967024430434,41100.03705625582,39460.15572151612
968,43424.76443538195,5529.507791490698,43424.76443538195,39460.15572151612
969,43307.62012963019,5608.355250670732,43307.62012963019,39460.15572151612
970,42188.77579057793,4647.423318409818,42188.77579057793,39460.15572151612
971,45540.2788397154,6296.681558981967,45540.2788397154,39460.15572151612
972,43771.44633529692,4606.670991284724,43771.44633529692,39460.15572151612
973,43475.23784604938,5537.338793909932,43475.23784604938,39460.15572151612
974,42235.477467775876,4602.874418609692,42235.477467775876,39460.15572151612
975,42167.84046869263,4609.533199287647,42167.84046869263,39460.15572151612
976,42313.12534324203,4633.8375390250185,42313.12534324203,39460.15572151612
977,44373.14875809134,6027.0352149821165,44373.14875809134,39460.15572151612
978,42504.83013560852,4725.6699000516855,42504.83013560852,39460.15572151612
979,44887.93098287,6483.69770172617,44887.93098287,39460.15572151612
980,42145.4507103277,4439.6780940681365,42145.4507103277,39460.15572151612
981,42537.92891408185,4591.619809689734,42537.92891408185,39460.15572151612
982,43268.26893288863,5574.809208571422,43268.26893288863,39460.15572151612
983,41468.8960854456,3803.773893720469,41468.8960854456,39460.15572151612
984,42159.20871319187,4502.271851727355,42159.20871319187,39460.15572151612
985,44130.802314905726,6313.223397378929,44130.802314905726,39460.15572151612
986,42397.07508975369,4670.838827113483,42397.07508975369,39460.15572151612
987,41235.33873192938,3679.158622895912,41235.33873192938,39460.15572151612
988,44772.42805732878,5672.434815990204,44772.42805732878,39460.15572151612
989,41321.2613038021,3813.353210848242,41321.2613038021,39460.15572151612
990,45091.83255443486,6606.564803818832,45091.83255443486,39460.15572151612
991,40502.687874351475,2961.642557918276,40502.687874351475,39460.15572151612
992,42384.45091168777,4664.320945854595,42384.45091168777,39460.15572151612
993,45254.00890170213,6213.143176928642,45254.00890170213,39460.15572151612
994,41509.79223761332,3828.019562600896,41509.79223761332,39460.15572151612
995,44353.678692591944,5810.361655947013,44353.678692591944,39460.15572151612
996,40506.60186256735,2860.8157303081343,40506.60186256735,39460.15572151612
997,42018.22098593688,4686.683766748242,42018.22098593688,39460.15572151612
998,41032.03870877875,3856.6296551070204,41032.03870877875,39460.15572151612
999,43710.44530764014,4784.0160798723955,43710.44530764014,39460.15572151612
1000,42954.55850208229,3908.22936025969,42954.55850208229,39460.15572151612
1001,45339.1744339688,6383.131740135962,45339.1744339688,39460.15572151612
1002,40615.96237320362,2952.7718686392727,40615.96237320362,39460.15572151612
1003,41251.337409483,4060.435920425901,41251.337409483,39460.15572151612
1004,41416.96793106222,4004.626604889321,41416.96793106222,39460.15572151612
1005,41360.72151055872,3834.813028106765,41360.72151055872,39460.15572151612
1006,42367.90007015511,4775.554218039788,42367.90007015511,39460.15572151612
1007,48836.33044705926,7375.803373167708,48836.33044705926,39460.15572151612
1008,41561.386923180566,3801.726950958877,41561.386923180566,39460.15572151612
1009,43590.18839224523,5639.343015828293,43590.18839224523,39460.15572151612
1010,39995.78114785328,3022.3137548873874,39995.78114785328,39460.15572151612
1011,48036.183549465015,8170.0736108898445,48036.183549465015,39460.15572151612
1012,42422.617681911834,4625.486346001597,42422.617681911834,39460.15572151612
1013,41356.39837489544,3825.7966681239145,41356.39837489544,39460.15572151612
1014,43113.369387156315,4748.562040519834,43113.369387156315,39460.15572151612
1015,44599.16030558986,6354.127813809563,44599.16030558986,39460.15572151612
1016,43214.91252329181,5442.6236528023965,43214.91252329181,39460.15572151612
1017,44382.66510696233,5303.986106884622,44382.66510696233,39460.15572151612
1018,42376.25743282733,4546.461645659305,42376.25743282733,39444.44711623548
1019,45835.79309053977,7446.9286499174505,45835.79309053977,39444.44711623548
1020,43451.98305154934,4688.746214385575,43451.98305154934,39444.44711623548
1021,39974.91153318247,2987.751668627715,39974.91153318247,39444.44711623548
1022,42481.38556765641,4604.357586998672,42481.38556765641,39444.44711623548
1023,45441.92611421933,6458.429982284162,45441.92611421933,39444.44711623548
1024,44915.38970488841,5731.6777123713455,44915.38970488841,39444.44711623548
1025,40013.28293526052,2777.52529134829,40013.28293526052,39444.44711623548
1026,43033.43076974863,4615.707294817293,43033.43076974863,39444.44711623548
1027,44212.66162525823,5539.540507481222,44212.66162525823,39444.44711623548
1028,43436.8392642387,4788.727278298362,43436.8392642387,39444.44711623548
1029,43003.2521845502,4707.8610708262395,43003.2521845502,39444.44711623548
1030,42426.44868130625,4678.784450709562,42426.44868130625,39444.44711623548
1031,41030.00936834218,3840.504485239032,41030.00936834218,39444.44711623548
1032,41008.331252078446,3677.871749360756,41008.331252078446,39444.44711623548
1033,43376.1279469862,5711.230566056514,43376.1279469862,39444.44711623548
1034,43400.141564621656,5662.0643908255715,43400.141564621656,39444.44711623548
1035,42344.480083961156,4694.637727434723,42344.480083961156,39444.44711623548
1036,42281.382201889945,4582.265043987633,42281.382201889945,39444.44711623548
1037,44268.16353699978,6219.227036702451,44268.16353699978,39444.44711623548
1038,44395.40276613509,6128.571786198203,44395.40276613509,39379.0660832591
1039,43613.98897476026,5753.448427470494,43613.98897476026,39379.0660832591
1040,44269.44847762345,6116.675678037529,44269.44847762345,39379.0660832591
1041,43222.794100297324,4684.73668579055,43222.794100297324,39379.0660832591
1042,43270.03324481156,5325.271201778254,43270.03324481156,39379.0660832591
1043,43221.565476474796,4646.673575470408,43221.565476474796,39379.0660832591
1044,39869.06862903845,3042.9652933626726,39869.06862903845,39379.0660832591
1045,40285.2023273765,2860.5893641226767,40285.2023273765,39379.0660832591
1046,42378.71358124763,4659.508433444808,42378.71358124763,39379.0660832591
1047,44216.582130984345,6354.250635325281,44216.582130984345,39379.0660832591
1048,43633.48941424243,4675.678165664823,43633.48941424243,39379.0660832591
1049,46544.29849087539,6664.879654440576,46544.29849087539,39379.0660832591
1050,42217.23170056173,4575.812272745999,42217.23170056173,39379.0660832591
1051,42320.927080661466,3701.0384819633714,42320.927080661466,39379.0660832591
1052,43349.647632782595,5415.872080457886,43349.647632782595,39379.0660832591
1053,43415.68006638249,5417.9990278498935,43415.68006638249,39379.0660832591
1054,42108.28376832908,4637.42705151487,42108.28376832908,39379.0660832591
1055,44091.003521630686,6422.313367835169,44091.003521630686,39379.0660832591
1056,42250.609914357214,4615.36684606803,42250.609914357214,39379.0660832591
1057,47794.49548530694,8023.369456676597,47794.49548530694,39379.0660832591
1058,43656.75931107133,5763.090343534235,43656.75931107133,39379.0660832591
1059,45890.063369038726,7021.780969096586,45890.063369038726,39379.0660832591
1060,41337.556222994855,3940.089248854546,41337.556222994855,39379.0660832591
1061,42043.4043367002,4525.448722091582,42043.4043367002,39379.0660832591
1062,43487.2670529601,5693.884236437979,43487.2670529601,39379.0660832591
1063,40935.191482719834,3781.2782532630067,40935.191482719834,39379.0660832591
1064,39629.283797257274,2926.4081416273734,39629.283797257274,39379.0660832591
1065,43673.63520785271,5482.648530926754,43673.63520785271,39379.0660832591
1066,42099.18755907003,4682.968871288196,42099.18755907003,39379.0660832591
1067,41858.98705961219,4711.436130558139,41858.98705961219,39379.0660832591
1068,45236.17479837677,6421.464652058778,45236.17479837677,39379.0660832591
1069,46783.305156216455,6775.9856738996195,46783.305156216455,39379.0660832591
1070,42325.675454119286,4746.861609760688,42325.675454119286,39379.0660832591
1071,39560.75464122703,2820.596185228603,39560.75464122703,39379.0660832591
1072,43170.203239863986,5387.113904600029,43170.203239863986,39379.0660832591
1073,41007.104273238554,3726.415321167412,41007.104273238554,39379.066083259095
1074,42067.878842092025,4604.252647460006,42067.878842092025,39379.066083259095
1075,43605.52893736655,5529.505753890533,43605.52893736655,39379.066083259095
1076,43689.72777112517,5366.5358319150555,43689.72777112517,39379.066083259095
1077,41207.97460417473,3660.163918793435,41207.97460417473,39379.066083259095
1078,41360.85108187874,4028.7011823452754,41360.85108187874,39379.066083259095
1079,41381.86317906762,3794.748090929928,41381.86317906762,39379.066083259095
1080,43359.24332136016,5549.2411208953,43359.24332136016,39379.066083259095
1081,43479.556682790346,5457.394419672879,43479.556682790346,39379.066083259095
1082,41029.59891708412,3829.368405899271,41029.59891708412,39379.066083259095
1083,41928.703290541554,4516.277220133979,41928.703290541554,39379.066083259095
1084,40867.20411093378,3829.3716744014237,40867.20411093378,39379.066083259095
1085,40970.73721882728,3575.3700812516495,40970.73721882728,39379.066083259095
1086,41409.60821231204,3819.971403629548,41409.60821231204,39379.066083259095
1087,41148.42674338962,3770.5386797768283,41148.42674338962,39379.066083259095
1088,45471.8950715553,5571.001329408588,45471.8950715553,39379.066083259095
1089,42164.277080630396,4607.322929750393,42164.277080630396,39379.066083259095
1090,43161.94169342818,5474.454647401679,43161.94169342818,39379.066083259095
1091,42228.590263437385,4611.93202411484,42228.590263437385,39379.066083259095
1092,41062.06077620197,3743.8925575189337,41062.06077620197,39379.066083259095
1093,43216.89860551151,5645.942572157097,43216.89860551151,39379.066083259095
1094,42995.51665256423,4641.967179035246,42995.51665256423,39379.066083259095
1095,42567.34215946918,4922.440151389677,42567.34215946918,39379.066083259095
1096,42148.45956128426,4480.682947906293,42148.45956128426,39379.066083259095
1097,39925.03403973013,2872.692683287844,39925.03403973013,39379.066083259095
1098,43303.915786477264,4691.590561420951,43303.915786477264,39379.066083259095
1099,47483.80311923904,7382.31185791959,47483.80311923904,39379.066083259095
1100,39739.30717716833,2803.844942909106,39739.30717716833,39379.066083259095
1101,42449.294153862036,4847.148024718171,42449.294153862036,39379.066083259095
1102,42495.15875515806,4100.17294643706,42495.15875515806,39379.066083259095
1103,42533.809138244935,4481.127023070093,42533.809138244935,39379.066083259095
1104,45759.72312993408,7156.445042890683,45759.72312993408,39379.066083259095
1105,46312.53598131323,6410.7981112242205,46312.53598131323,39379.066083259095
1106,42950.30315585539,5479.46318912029,42950.30315585539,39379.066083259095
1107,40202.19047014394,3054.6039125551333,40202.19047014394,39379.066083259095
1108,46436.95825691316,7574.602493222192,46436.95825691316,39379.066083259095
1109,43019.624559777374,5292.590596569166,43019.624559777374,39379.066083259095
1110,40729.67537225601,3791.4989199049705,40729.67537225601,39379.066083259095
1111,42367.813072562756,4591.315513715649,42367.813072562756,39379.066083259095
1112,41172.95485545612,3692.737515768143,41172.95485545612,39379.066083259095
1113,41523.8868954573,3903.192155576925,41523.8868954573,39379.066083259095
1114,44284.25298151209,5676.043457283731,44284.25298151209,39379.066083259095
1115,42927.741493246736,5237.5228839714955,42927.741493246736,39379.066083259095
1116,42415.89662406065,4626.243579911261,42415.89662406065,39379.066083259095
1117,42328.42414532928,4652.50894792429,42328.42414532928,39379.066083259095
1118,42169.49507934759,4917.490445724642,42169.49507934759,39379.066083259095
1119,43123.38713191172,5337.292830811595,43123.38713191172,39379.066083259095
1120,42090.719476376325,4621.5270176746035,42090.719476376325,39379.066083259095
1121,47593.67466585519,7451.007054576565,47593.67466585519,39379.066083259095
1122,43895.324018880245,6397.8963519012505,43895.324018880245,39379.066083259095
1123,45426.398424516345,5571.5748179971515,45426.398424516345,39379.066083259095
1124,42218.03368182024,4753.235206852594,42218.03368182024,39379.066083259095
1125,42784.290632787764,4586.481285303558,42784.290632787764,39379.066083259095
1126,41229.88860961433,3913.223760642641,41229.88860961433,39379.066083259095
1127,43561.3717298057,4582.6791562743965,43561.3717298057,39379.066083259095
1128,42095.05630018095,3826.930146791344,42095.05630018095,39379.066083259095
1129,40032.90696540561,3001.772268665986,40032.90696540561,39379.066083259095
1130,43451.43878683023,5564.827780844142,43451.43878683023,39379.066083259095
1131,41199.36384517607,3646.1831643473574,41199.36384517607,39379.066083259095
1132,40973.711346563054,3663.156642108788,40973.711346563054,39379.066083259095
1133,42392.10444772304,4710.813137958439,42392.10444772304,39379.066083259095
1134,42411.9071435797,4591.293086255775,42411.9071435797,39379.066083259095
1135,42181.36695113828,3710.0842905793775,42181.36695113828,39379.066083259095
1136,40676.45726595747,3727.2833998882256,40676.45726595747,39379.066083259095
1137,45894.56652424935,5975.288574162185,45894.56652424935,39379.066083259095
1138,40934.23538229434,3747.640518472336,40934.23538229434,39379.066083259095
1139,41246.51371572248,3869.3980094009466,41246.51371572248,39379.066083259095
1140,41099.58637549642,3782.278528008092,41099.58637549642,39379.066083259095
1141,43593.350658184594,5854.535058518886,43593.350658184594,39379.066083259095
1142,42212.56870744028,4588.386777285322,42212.56870744028,39379.066083259095
1143,43423.4200526444,5574.844451439678,43423.4200526444,39379.066083259095
1144,45013.23984899246,5515.045027974197,45013.23984899246,39379.066083259095
1145,44467.98411742521,5578.935776226799,44467.98411742521,39379.066083259095
1146,41167.09107796619,3918.475765072131,41167.09107796619,39379.066083259095
1147,40358.83221176701,3148.869884139141,40358.83221176701,39379.066083259095
1148,45460.872458966565,6432.177004299441,45460.872458966565,39379.066083259095
1149,42099.528078808595,4726.091329343162,42099.528078808595,39379.066083259095
1150,43682.16124427402,4761.32778988001,43682.16124427402,39379.066083259095
1151,40975.12248784868,3788.3765989419144,40975.12248784868,39379.066083259095
1152,45057.30913821057,6614.325151027445,45057.30913821057,39379.066083259095
1153,44653.94270535417,5601.186872246991,44653.94270535417,39379.066083259095
1154,39952.05254488285,2777.52529134829,39952.05254488285,39379.066083259095
1155,39960.95319351762,2891.3609642607935,39960.95319351762,39379.066083259095
1156,41032.88672101461,3804.31597061902,41032.88672101461,39379.066083259095
1157,43922.23695851024,5709.527410962109,43922.23695851024,39379.066083259095
1158,41440.43579836925,3679.811836061879,41440.43579836925,39379.066083259095
1159,44545.65595076942,6485.449144117172,44545.65595076942,39379.066083259095
1160,41043.21971330788,3791.8974147730028,41043.21971330788,39379.066083259095
1161,47157.17440244429,7194.959616015505,47157.17440244429,39379.066083259095
1162,42183.9555186873,4495.549772861635,42183.9555186873,39379.066083259095
1163,43136.79544411689,5586.180697944388,43136.79544411689,39379.066083259095
1164,40183.2606046744,2823.7090172688404,40183.2606046744,39379.066083259095
1165,42005.250288224386,4613.483069542118,42005.250288224386,39379.066083259095
1166,43351.08062183253,4733.812023309499,43351.08062183253,39379.066083259095
1167,42918.40847674933,5409.436028158863,42918.40847674933,39379.066083259095
1168,42044.095676164594,3777.757449844765,42044.095676164594,39379.066083259095
1169,42228.590466165144,4709.876009247344,42228.590466165144,39379.066083259095
1170,45701.0190609788,5578.127653815551,45701.0190609788,39379.066083259095
1171,43373.64001870251,4635.07865157911,43373.64001870251,39379.066083259095
1172,42444.46919017365,4734.122218393319,42444.46919017365,39379.066083259095
1173,42520.862898154635,4880.17057005217,42520.862898154635,39379.066083259095
1174,42290.29478501848,4539.442466675637,42290.29478501848,39379.066083259095
1175,44520.07327788053,5869.133436386551,44520.07327788053,39379.066083259095
1176,43380.109070444116,4678.448359108818,43380.109070444116,39379.066083259095
1177,43715.61788548568,5783.489568703862,43715.61788548568,39379.066083259095
1178,42183.07542952979,3817.902857012058,42183.07542952979,39379.066083259095
1179,42345.945179231974,4626.385525377585,42345.945179231974,39379.066083259095
1180,46354.84077914864,7403.776445860951,46354.84077914864,39379.066083259095
1181,41073.50138725534,3898.473282948437,41073.50138725534,39379.066083259095
1182,44248.082411483556,5523.6189567400725,44248.082411483556,39379.066083259095
1183,44393.64520360498,5645.503989813748,44393.64520360498,39379.066083259095
1184,44229.36905714737,4676.157886925937,44229.36905714737,39379.066083259095
1185,39883.98624851116,2808.898374180784,39883.98624851116,39379.066083259095
1186,41564.0059176075,3832.732686948618,41564.0059176075,39379.066083259095
1187,42580.15999384556,4743.718316021237,42580.15999384556,39379.066083259095
1188,42923.85379762903,5272.0014018471775,42923.85379762903,39379.066083259095
1189,42059.09160260906,4535.042193949334,42059.09160260906,39379.066083259095
1190,44151.48070090428,5328.996774381036,44151.48070090428,39379.066083259095
1191,44239.928810589074,5630.935298996354,44239.928810589074,39379.066083259095
1192,43253.16241771268,4788.224457689814,43253.16241771268,39379.066083259095
1193,41337.757819758895,3715.7919721042003,41337.757819758895,39379.066083259095
1194,41354.95264799664,3875.1075548138406,41354.95264799664,39379.066083259095
1195,41140.823028235915,3709.918999644689,41140.823028235915,39379.066083259095
1196,42752.03298859913,4647.553310365814,42752.03298859913,39379.066083259095
1197,41387.8559613955,3939.071391152264,41387.8559613955,39379.066083259095
1198,44472.06163433059,6610.8751796940105,44472.06163433059,39379.066083259095
1199,43086.34337079773,5572.045602640586,43086.34337079773,39379.066083259095
1200,44785.39745080537,6225.468444917433,44785.39745080537,39379.066083259095
1201,42094.22120145515,4483.750202952317,42094.22120145515,39379.066083259095
1202,43112.74667087865,4731.451207745907,43112.74667087865,39379.066083259095
1203,41951.05676046042,4475.459429287005,41951.05676046042,39379.066083259095
1204,44387.31838307934,6374.610049537403,44387.31838307934,39379.066083259095
1205,42487.97594647893,4520.114545760584,42487.97594647893,39379.066083259095
1206,46068.19518072943,6567.600934412718,46068.19518072943,39379.066083259095
1207,41596.09941795022,4114.154651718073,41596.09941795022,39379.066083259095
1208,42413.16960639889,4667.516473627156,42413.16960639889,39379.066083259095
1209,43844.47897441149,5607.77981128833,43844.47897441149,39379.066083259095
1210,42245.20586938153,4681.68499877622,42245.20586938153,39379.066083259095
1211,44126.16756310182,5472.1089909349885,44126.16756310182,39379.066083259095
1212,41033.66038578756,3679.1763272972967,41033.66038578756,39379.066083259095
1213,44841.03901233765,6445.172962966231,44841.03901233765,39379.066083259095
1214,40980.05909442851,3922.250433391285,40980.05909442851,39379.066083259095
1215,44601.23133779715,5456.366120407006,44601.23133779715,39379.066083259095
1216,43730.70225203169,4659.47980042338,43730.70225203169,39379.066083259095
1217,45355.99880228001,6501.414031593735,45355.99880228001,39379.066083259095
1218,46773.900524276585,6419.681039888247,46773.900524276585,39379.066083259095
1219,42377.635274316766,4542.250137343801,42377.635274316766,39379.066083259095
1220,43648.94930630113,5705.433777009759,43648.94930630113,39379.066083259095
1221,43586.11262535267,5452.624339731605,43586.11262535267,39379.066083259095
1222,41985.44725576192,4702.6498977091815,41985.44725576192,39379.066083259095
1223,43418.640522366666,5644.346141572579,43418.640522366666,39379.066083259095
1224,44267.3488285013,6126.76146234002,44267.3488285013,39379.066083259095
1225,40876.34909164991,3846.667864640853,40876.34909164991,39379.066083259095
1226,42559.09541986092,3794.4815903100657,42559.09541986092,39379.066083259095
1227,40152.004546561446,2933.836848308608,40152.004546561446,39379.066083259095
1228,41461.3197129379,3748.5830824657705,41461.3197129379,39379.066083259095
1229,40806.350051273155,3790.1054724216933,40806.350051273155,39379.066083259095
1230,42296.0150457206,4792.449485970921,42296.0150457206,39379.066083259095
1231,40990.167390070485,3919.057465731621,40990.167390070485,39379.066083259095
1232,44280.15916348691,6489.945065560858,44280.15916348691,39379.066083259095
1233,44861.651728751785,5533.483178760018,44861.651728751785,39379.066083259095
1234,41322.01828989932,3960.1873259243025,41322.01828989932,39379.066083259095
1235,41101.60952469998,3710.672773745722,41101.60952469998,39379.066083259095
1236,42054.8897604325,4479.6510755608015,42054.8897604325,39379.066083259095
1237,41389.68918475438,3680.572335074395,41389.68918475438,39379.066083259095
1238,43191.774660337716,5488.4574318467885,43191.774660337716,39379.066083259095
1239,44262.18467670336,5359.710983311103,44262.18467670336,39379.066083259095
1240,43377.56046328305,3870.358083403781,43377.56046328305,39379.066083259095
1241,42548.45867032814,3748.3568575204395,42548.45867032814,39379.066083259095
1242,41134.93279477364,3971.2383263509482,41134.93279477364,39379.066083259095
1243,42337.06062797451,4762.747435136649,42337.06062797451,39379.066083259095
1244,45186.00212706115,6679.032572081285,45186.00212706115,39379.066083259095
1245,44542.99074686266,6350.573896411484,44542.99074686266,39379.066083259095
1246,42054.01075259211,4595.240949064328,42054.01075259211,39379.066083259095
1247,43451.78930303511,5630.85941940065,43451.78930303511,39379.066083259095
1248,40332.668520644496,2777.52529134829,40332.668520644496,39379.066083259095
1249,44044.86848932637,5474.175775736115,44044.86848932637,39379.066083259095
1250,44427.53711696258,6412.701715230332,44427.53711696258,39379.066083259095
1251,42297.82941646857,4705.028449307689,42297.82941646857,39379.066083259095
1252,42113.499703734895,4737.361270354471,42113.499703734895,39379.066083259095
1253,42066.228299488794,4430.675939110279,42066.228299488794,39379.066083259095
1254,45145.66519264098,6296.719682336857,45145.66519264098,39379.066083259095
1255,42417.43409036785,4939.273796889922,42417.43409036785,39379.066083259095
1256,42188.76376533898,4689.337107852011,42188.76376533898,39379.066083259095
1257,40383.402306417076,3082.5352050928464,40383.402306417076,39379.066083259095
1258,45069.29255323033,6671.340523724041,45069.29255323033,39379.066083259095
1259,43391.713449492796,5708.265926750397,43391.713449492796,39379.066083259095
1260,42666.47306876829,4614.159974381192,42666.47306876829,39379.066083259095
1261,41006.37714136395,3696.7520215099203,41006.37714136395,39379.066083259095
1262,43669.17962996421,4774.06249029574,43669.17962996421,39379.066083259095
1263,40940.68506407361,3603.5495063024887,40940.68506407361,39379.066083259095
1264,43484.41051455452,5334.581720343866,43484.41051455452,39379.066083259095
1265,41386.84269325354,3778.8480154681774,41386.84269325354,39379.066083259095
1266,41162.1433623605,3857.9647725440395,41162.1433623605,39379.066083259095
1267,43525.56758047462,5326.199073578132,43525.56758047462,39379.066083259095
1268,43785.529220564895,5395.579565662758,43785.529220564895,39379.066083259095
1269,43394.73154317353,5386.152340462838,43394.73154317353,39379.066083259095
1270,43578.32390241427,5679.430611560542,43578.32390241427,39379.066083259095
1271,46688.2062193685,7272.009258154128,46688.2062193685,39379.066083259095
1272,42254.69162501824,4825.740531300051,42254.69162501824,39379.066083259095
1273,45314.535634896914,6419.912215511395,45314.535634896914,39379.066083259095
1274,41726.558718637236,4468.013609931679,41726.558718637236,39379.066083259095
1275,42297.883836599445,4613.451343886062,42297.883836599445,39379.066083259095
1276,43375.23194152057,5592.418268325404,43375.23194152057,39379.066083259095
1277,43317.01524741573,5567.07537480875,43317.01524741573,39379.066083259095
1278,44180.74868466081,5536.431792869256,44180.74868466081,39379.066083259095
1279,44468.34083924138,6525.046401270589,44468.34083924138,39379.066083259095
1280,42229.234494206496,3682.7377530451945,42229.234494206496,39379.066083259095
1281,44215.33226940663,5789.301398887021,44215.33226940663,39379.066083259095
1282,44101.9627874361,6361.7159661679025,44101.9627874361,39379.066083259095
1283,44302.15564310488,5440.202349861548,44302.15564310488,39379.066083259095
1284,41336.67583309974,3672.2531716888507,41336.67583309974,39379.066083259095
1285,43217.2373746505,5424.62142076734,43217.2373746505,39379.066083259095
1286,40969.52349989124,3575.3700812516495,40969.52349989124,39379.066083259095
1287,45279.64036308124,6202.073700776693,45279.64036308124,39379.066083259095
1288,43976.84136638367,5404.0718568909415,43976.84136638367,39379.066083259095
1289,44492.20503549573,4775.42543810183,44492.20503549573,39379.066083259095
1290,42363.61971523036,4482.324439465617,42363.61971523036,39379.066083259095
1291,40206.82364093144,2931.506376378228,40206.82364093144,39379.066083259095
1292,42020.55395652926,4634.98587272681,42020.55395652926,39379.066083259095
1293,41923.16909053342,4563.524353753173,41923.16909053342,39379.066083259095
1294,41014.467333007924,3801.5173377201886,41014.467333007924,39379.066083259095
1295,40042.44196849909,2835.824575187795,40042.44196849909,39379.066083259095
1296,43494.46722332153,5337.701146174545,43494.46722332153,39379.066083259095
1297,41175.0348379253,3781.246002195416,41175.0348379253,39379.066083259095
1298,40898.21156209926,3658.7146356001467,40898.21156209926,39379.066083259095
1299,46427.25646733076,7036.525088166444,46427.25646733076,39379.066083259095
1300,40953.44864277726,3764.2858466176526,40953.44864277726,39379.066083259095
1301,43423.094654055894,5581.399031790184,43423.094654055894,39379.066083259095
1302,43376.49292337007,5812.883393168159,43376.49292337007,39379.066083259095
1303,44506.30892426473,6252.887598939649,44506.30892426473,39379.066083259095
1304,43355.71465709385,5883.111102962574,43355.71465709385,39379.066083259095
1305,41016.948764244386,3849.245821380982,41016.948764244386,39379.066083259095
1306,44848.509397760994,6476.208812413517,44848.509397760994,39379.066083259095
1307,44427.922608336,6173.702989202969,44427.922608336,39379.066083259095
1308,40646.28825975124,3780.656488361289,40646.28825975124,39379.066083259095
1309,45497.73435450823,6228.621417502864,45497.73435450823,39379.066083259095
1310,45739.16462214854,7611.008590718641,45739.16462214854,39379.066083259095
1311,41008.67444978292,3126.9904529556757,41008.67444978292,39379.066083259095
1312,42317.826495748915,4650.390285457603,42317.826495748915,39379.066083259095
1313,42285.721961561794,4791.644040295687,42285.721961561794,39379.066083259095
1314,44297.12808802044,5620.213267169235,44297.12808802044,39379.066083259095
1315,43656.13468811961,5604.223238151179,43656.13468811961,39379.066083259095
1316,41096.51241924777,3848.203208788777,41096.51241924777,39379.066083259095
1317,43034.54545507701,5561.533124917661,43034.54545507701,39379.066083259095
1318,45810.68271387628,6573.191432397235,45810.68271387628,39379.066083259095
1319,44138.49101516374,6570.502980242405,44138.49101516374,39379.066083259095
1320,42396.38526667743,4516.71698342186,42396.38526667743,39379.066083259095
1321,42308.40842963875,4618.073553708913,42308.40842963875,39379.066083259095
1322,43833.39333873502,5596.093430513372,43833.39333873502,39379.066083259095
1323,45551.440736322846,7324.973154176465,45551.440736322846,39379.066083259095
1324,40097.611309374624,2868.3288518725785,40097.611309374624,39379.066083259095
1325,39902.40779798563,2967.674052708187,39902.40779798563,39379.066083259095
1326,40809.565948682124,3664.0328780876284,40809.565948682124,39379.066083259095
1327,42232.73269031583,4665.293533452723,42232.73269031583,39379.066083259095
1328,46774.97618987849,8099.632778272719,46774.97618987849,39379.066083259095
1329,40429.70852921747,3035.7221422818548,40429.70852921747,39379.066083259095
1330,42027.94437090251,3715.1595167068394,42027.94437090251,39379.066083259095
1331,41250.36819433221,3916.8529445029853,41250.36819433221,39379.066083259095
1332,47667.72860325838,9064.279843297185,47667.72860325838,39379.066083259095
1333,41237.99501155012,3889.965633800867,41237.99501155012,39379.066083259095
1334,44338.79110257428,6240.872673382302,44338.79110257428,39379.066083259095
1335,42151.06631265093,4733.602709171567,42151.06631265093,39379.066083259095
1336,44645.34270155192,5634.591990217485,44645.34270155192,39379.066083259095
1337,44378.04315942644,6292.2513938727225,44378.04315942644,39379.066083259095
1338,42122.75597026058,3939.801123720578,42122.75597026058,39379.066083259095
1339,39813.903352578534,2789.8559588721414,39813.903352578534,39379.066083259095
1340,41342.044478776144,3925.610069385829,41342.044478776144,39379.066083259095
1341,42410.1497290803,4805.053634334634,42410.1497290803,39379.066083259095
1342,45210.58198587327,6360.88955685987,45210.58198587327,39379.066083259095
1343,47092.792977884965,7137.241355737594,47092.792977884965,39379.066083259095
1344,40874.23995246104,3608.7692961858424,40874.23995246104,39379.066083259095
1345,46966.20702300095,7486.4778384666915,46966.20702300095,39379.066083259095
1346,44406.29247627615,6166.19793398668,44406.29247627615,39379.066083259095
1347,45500.2139444528,7283.112472335479,45500.2139444528,39379.066083259095
1348,43178.35670931556,5413.538183202195,43178.35670931556,39379.066083259095
1349,43739.6709739164,5746.837555749786,43739.6709739164,39379.066083259095
1350,42507.09545099711,4756.716448472448,42507.09545099711,39379.066083259095
1351,42087.97816093436,4669.60480876504,42087.97816093436,39379.066083259095
1352,42430.15541726625,3818.188178921647,42430.15541726625,39379.066083259095
1353,40265.7135481114,2924.6825864306907,40265.7135481114,39379.066083259095
1354,42293.272169104195,4081.2900563447574,42293.272169104195,39379.066083259095
1355,44979.37899354803,5765.244460062323,44979.37899354803,39379.066083259095
1356,47784.887605272146,7222.069328224998,47784.887605272146,39379.066083259095
1357,42554.182852508835,4815.836578796763,42554.182852508835,39379.066083259095
1358,42307.154177394885,4905.480835277555,42307.154177394885,39379.066083259095
1359,44562.61763651924,6484.8991955113925,44562.61763651924,39379.066083259095
1360,42965.908150978124,5563.659844177239,42965.908150978124,39379.066083259095
1361,44421.11473306896,6341.326433171589,44421.11473306896,39379.066083259095
1362,42028.12025424124,4743.118990619781,42028.12025424124,39379.066083259095
1363,40762.60253511039,3667.763956910717,40762.60253511039,39379.066083259095
1364,43703.958578144295,4658.95887153494,43703.958578144295,39379.066083259095
1365,42008.955338136664,4645.706799739635,42008.955338136664,39379.066083259095
1366,40354.29001973207,2899.9963847215113,40354.29001973207,39379.066083259095
1367,41491.99804175105,3937.20566825514,41491.99804175105,39379.066083259095
1368,44710.3280934655,6511.99537179111,44710.3280934655,39379.066083259095
1369,43039.07218458985,4524.383664666683,43039.07218458985,39379.066083259095
1370,42305.79295335535,4565.514218876472,42305.79295335535,39379.066083259095
1371,42033.75463466575,4463.295508236084,42033.75463466575,39379.066083259095
1372,40047.18011830757,2983.0948215333874,40047.18011830757,39379.066083259095
1373,45127.88744441645,6995.254528960369,45127.88744441645,39379.066083259095
1374,43514.06381018718,5537.440133972315,43514.06381018718,39379.066083259095
1375,44894.29304618329,6371.552222740772,44894.29304618329,39379.066083259095
1376,42161.124790561254,4668.8012387422405,42161.124790561254,39379.066083259095
1377,41182.50715627048,3751.662101756317,41182.50715627048,39379.066083259095
1378,42430.18037099768,4514.013547950568,42430.18037099768,39379.066083259095
1379,44515.69782010957,5567.935667638022,44515.69782010957,39379.066083259095
1380,39852.50626087868,2853.1664273281517,39852.50626087868,39379.066083259095
1381,44780.30035272185,6502.982418071083,44780.30035272185,39379.066083259095
1382,43888.22937540528,5547.30794857133,43888.22937540528,39379.066083259095
1383,41253.07311192576,3788.338897615741,41253.07311192576,39379.066083259095
1384,42397.04677772725,4611.613857574263,42397.04677772725,39379.066083259095
1385,43551.00338120079,5496.509388847507,43551.00338120079,39379.066083259095
1386,49802.81662511332,7463.890301694439,49802.81662511332,39379.066083259095
1387,43327.81136960412,4719.912956203628,43327.81136960412,39379.066083259095
1388,44363.33146337058,6729.108520963675,44363.33146337058,39379.066083259095
1389,46036.92455122911,5558.189087106291,46036.92455122911,39379.066083259095
1390,45618.23978997414,5565.997571892154,45618.23978997414,39379.066083259095
1391,41285.51490845781,3853.387161507678,41285.51490845781,39379.066083259095
1392,42845.78678005184,5423.415422104747,42845.78678005184,39379.066083259095
1393,42182.930047031274,4484.744487119657,42182.930047031274,39379.066083259095
1394,42186.54212456797,4601.7785829634795,42186.54212456797,39379.066083259095
1395,44247.502864573835,6163.320246429988,44247.502864573835,39379.066083259095
1396,42611.43502414075,4627.646597176423,42611.43502414075,39379.066083259095
1397,41158.485615032245,3761.0826387625507,41158.485615032245,39379.066083259095
1398,39816.72548812865,2984.532716651916,39816.72548812865,39379.066083259095
1399,43347.45747936853,5597.233571904488,43347.45747936853,39379.066083259095
1400,45964.395893525296,7264.814434993483,45964.395893525296,39379.066083259095
1401,43064.39638761505,4581.029623489967,43064.39638761505,39379.066083259095
1402,46595.388631347174,6462.873463018188,46595.388631347174,39379.066083259095
1403,48549.61434802668,7271.258587187995,48549.61434802668,39379.066083259095
1404,41656.68573243508,3820.2778236658864,41656.68573243508,39379.066083259095
1405,41299.497855905756,3760.9485059128397,41299.497855905756,39379.066083259095
1406,39864.741381735934,2917.0447016668913,39864.741381735934,39379.066083259095
1407,41944.229582510576,4686.82973401489,41944.229582510576,39379.066083259095
1408,42038.83527408472,4593.170182881305,42038.83527408472,39379.066083259095
1409,48766.93377703863,7323.631633633716,48766.93377703863,39379.066083259095
1410,40017.29798558426,3090.7147766913104,40017.29798558426,39379.066083259095
1411,44638.821811742615,6706.511172083813,44638.821811742615,39379.066083259095
1412,40998.83654057343,3670.6588968027922,40998.83654057343,39379.066083259095
1413,43290.130628966865,5777.284660605165,43290.130628966865,39379.066083259095
1414,42095.184246925965,4772.051367624697,42095.184246925965,39379.066083259095
1415,43063.36483129744,5237.5228839714955,43063.36483129744,39379.066083259095
1416,45428.47271636779,7384.672708027099,45428.47271636779,39379.066083259095
1417,41275.47389189864,3681.8019757493203,41275.47389189864,39379.066083259095
1418,44346.29515032318,6449.083585801491,44346.29515032318,39379.066083259095
1419,41473.937718237736,4036.6895335734457,41473.937718237736,39379.066083259095
1420,42444.30211496109,3925.851452681268,42444.30211496109,39379.066083259095
1421,41209.83435807985,3918.247573553757,41209.83435807985,39379.066083259095
1422,44080.616612096564,4905.9037293135,44080.616612096564,39379.066083259095
1423,43601.2073333265,5672.846418142687,43601.2073333265,39379.066083259095
1424,42399.63966511084,4635.025966249244,42399.63966511084,39379.066083259095
1425,42260.242534889956,4651.129108674816,42260.242534889956,39379.066083259095
1426,42162.98610085479,3815.8313800707315,42162.98610085479,39379.066083259095
1427,41154.297688475286,3701.534658271452,41154.297688475286,39379.066083259095
1428,41165.149858775476,3739.654009950789,41165.149858775476,39379.066083259095
1429,42020.228902652605,4546.016908328548,42020.228902652605,39379.066083259095
1430,41099.14992397217,3751.4572526600687,41099.14992397217,39379.066083259095
1431,43953.78934101616,4604.633576636921,43953.78934101616,39379.066083259095
1432,44428.285458393206,5535.861905213487,44428.285458393206,39379.066083259095
1433,43079.092463094006,5671.410855018894,43079.092463094006,39379.066083259095
1434,45341.590208631496,6579.415461953153,45341.590208631496,39379.066083259095
1435,45117.27607715543,4700.716013478824,45117.27607715543,39379.066083259095
1436,43440.091484195626,5598.1396762481045,43440.091484195626,39379.066083259095
1437,43334.85572456651,4887.726245664472,43334.85572456651,39379.066083259095
1438,40056.90872529854,2928.048595890622,40056.90872529854,39379.066083259095
1439,40139.565103924615,2937.014196406079,40139.565103924615,39379.066083259095
1440,42400.35799314724,3845.4438596684404,42400.35799314724,39379.066083259095
1441,44512.26943974306,5582.78097932998,44512.26943974306,39379.066083259095
1442,45641.55722645661,6238.945691475119,45641.55722645661,39379.066083259095
1443,43694.4805308564,4779.385649499212,43694.4805308564,39379.066083259095
1444,39749.46415657166,3061.888371253096,39749.46415657166,39379.066083259095
1445,43953.970495871166,6393.001346018212,43953.970495871166,39379.066083259095
1446,41362.50790261057,3833.049506660221,41362.50790261057,39379.066083259095
1447,46393.809646291265,7205.365188874173,46393.809646291265,39379.066083259095
1448,41706.67340399979,3738.466920919752,41706.67340399979,39379.066083259095
1449,43175.72932606683,5547.853892152304,43175.72932606683,39379.066083259095
1450,46298.975799333624,7266.180546624293,46298.975799333624,39379.066083259095
1451,42578.321974745755,4828.876237111926,42578.321974745755,39379.066083259095
1452,44120.8639923048,5478.160802580077,44120.8639923048,39379.066083259095
1453,41333.96244044517,3855.907903240306,41333.96244044517,39379.066083259095
1454,42212.30147407744,4789.295394639195,42212.30147407744,39379.066083259095
1455,46567.46341462257,8145.504774849328,46567.46341462257,39379.066083259095
1456,43410.589607801616,5651.482580204172,43410.589607801616,39379.066083259095
1457,49553.03273772528,7422.597232407583,49553.03273772528,39379.066083259095
1458,41693.08733829797,4548.733641972268,41693.08733829797,39379.066083259095
1459,40930.671794271635,3673.8124819782183,40930.671794271635,39379.066083259095
1460,40514.74132449183,2994.351044078177,40514.74132449183,39379.066083259095
1461,40649.39660245498,3339.6333768522286,40649.39660245498,39379.066083259095
1462,44083.28911114509,6143.3033447121925,44083.28911114509,39379.066083259095
1463,41485.27124846534,3880.687636570142,41485.27124846534,39379.066083259095
1464,42322.001701167595,3987.925220486439,42322.001701167595,39379.066083259095
1465,42207.51759924368,4564.20272823563,42207.51759924368,39379.066083259095
1466,45310.816333241324,5568.12502796497,45310.816333241324,39379.066083259095
1467,42016.0545568461,4583.278486053279,42016.0545568461,39379.066083259095
1468,42543.097962575885,4878.530492708227,42543.097962575885,39379.066083259095
1469,44625.41940959867,5377.700597905613,44625.41940959867,39379.066083259095
1470,46468.34127602527,8000.328081325055,46468.34127602527,39379.066083259095
1471,40024.415075494224,2834.736632566247,40024.415075494224,39379.066083259095
1472,39809.85633913703,2791.0528565928716,39809.85633913703,39379.066083259095
1473,45237.53573770229,6555.506403030192,45237.53573770229,39379.066083259095
1474,44744.06825564556,5729.219198361179,44744.06825564556,39379.066083259095
1475,41961.8638518563,4770.8846417490695,41961.8638518563,39379.066083259095
1476,43558.93175422107,4431.28108413936,43558.93175422107,39379.066083259095
1477,43372.118455592405,5470.607322545697,43372.118455592405,39379.066083259095
1478,42526.621990387175,4864.959250651145,42526.621990387175,39379.066083259095
1479,44438.71094787806,6431.510439684657,44438.71094787806,39379.066083259095
1480,42121.91974674652,4599.522291753888,42121.91974674652,39379.066083259095
1481,42488.87033409609,5001.826708622475,42488.87033409609,39379.066083259095
1482,40981.26699461257,3669.897423805663,40981.26699461257,39379.066083259095
1483,42433.22973549783,4570.532390754242,42433.22973549783,39379.066083259095
1484,42437.49509127246,4794.091517428764,42437.49509127246,39379.066083259095
1485,42898.41866508671,4794.585471318978,42898.41866508671,39379.066083259095
1486,42041.391077492386,4429.9440004038015,42041.391077492386,39379.066083259095
1487,43941.60212134375,6214.976727088929,43941.60212134375,39379.066083259095
1488,42477.45970055979,4731.338621482171,42477.45970055979,39379.066083259095
1489,42171.745934423816,4831.29408288398,42171.745934423816,39379.066083259095
1490,45560.281925517564,7250.156288953866,45560.281925517564,39379.066083259095
1491,44738.29021711617,5588.644815907572,44738.29021711617,39379.066083259095
1492,44429.68598982964,6415.497442421971,44429.68598982964,39379.066083259095
1493,45732.30552132574,7453.736794511517,45732.30552132574,39379.066083259095
1494,43094.15441936028,4512.888966660638,43094.15441936028,39379.066083259095
1495,41229.44418260672,3931.9844956735665,41229.44418260672,39379.066083259095
1496,39928.410974512895,2892.284733304862,39928.410974512895,39379.066083259095
1497,43254.02700066082,4568.028322547377,43254.02700066082,39379.066083259095
1498,40946.45899664863,3693.0195814828285,40946.45899664863,39379.066083259095
1499,42054.62703202875,4592.928799332297,42054.62703202875,39379.066083259095
