,per_it_avg_total_length,per_it_avg_max_path_length,per_it_avg_fitness,per_it_best_fitness
0,59970.75258604373,7048.242180762574,422822745.29024583,357757934.232464
1,56250.74904743681,6176.382789104495,347433837.9012184,284731287.30480736
2,56331.875425384926,5070.313762694759,285620283.24773586,284731287.30480736
3,56187.465066896475,4966.601698545758,279055294.81266135,242046330.9116533
4,56164.496505890194,4282.558643624972,240525546.12228864,238164713.50003493
5,56232.27762143172,4274.2304160955555,240347201.14612284,237174479.47017616
6,55887.63608841356,4280.779535577302,239244054.8046488,236102835.51188737
7,55650.09012707982,4290.864015162529,238787978.88298863,235148372.43282828
8,55466.73234635922,4295.172497482059,238239602.38103732,235148372.43282828
9,55594.40079531572,4151.262370456707,230800334.72482476,210246922.0754712
10,55432.63726899206,3775.9163484411374,209308797.66934246,201346711.22648302
11,55542.014991715456,3652.201006969317,202864792.8640593,201346711.22648302
12,55411.21772762541,3687.53123855968,204332509.12168518,184436196.26007283
13,55492.16650593323,3434.5039844784887,190583005.41443858,183475036.29447967
14,55168.905486077405,3399.1959913542714,187529011.0997047,181650630.3527544
15,54607.92431140675,3398.221863203939,185569842.2992083,176254325.7871719
16,54665.36906516333,3324.954522174109,181737858.3888706,156408380.69790274
17,56106.76632823646,3974.6745092996985,230936993.58919758,150780854.68461585
18,55049.4760199095,2825.9005607965437,155562997.4708029,150206434.5212486
19,54840.40535600034,2993.813899271919,164180689.35316694,150206434.5212486
20,54817.76276126292,2939.2644876083846,161129446.4587742,143463490.63415697
21,54752.82990275356,2900.572572167181,158838986.26609626,143463490.63415697
22,55781.87180960312,3966.3658141889673,230302873.60002074,143463490.63415697
23,54632.800250587556,2705.722773067085,147780044.42530343,143463490.63415697
24,54679.4728308439,2680.309501099496,146560790.7310185,142934695.5167822
25,54403.9492940269,2753.6732101724347,149821110.30590424,138130096.8587931
26,53945.511270440766,2892.8034792702356,156066768.64801842,138130096.8587931
27,54067.25880955969,2694.711455759442,145802763.77920514,138044486.72220528
28,55067.539650204635,3623.345098597255,208088093.04664615,136665720.03074747
29,53323.86609072704,2771.6122527439325,147792744.64894965,134912229.69368765
30,52729.01782579231,2598.886623497936,137042837.8298511,134912229.69368765
31,52691.9970132692,2832.2392064873748,149221830.13756686,134912229.69368765
32,52656.205321457455,2741.805123196975,144389115.70227712,134912229.69368765
33,54744.700143151975,3670.0235913725146,219998247.5203754,134912229.69368762
34,52638.10395223611,2672.3643980736115,140668194.98405364,134912229.69368762
35,52873.59211210648,2573.3674599965866,136069802.95995268,134912229.69368762
36,52847.84958213811,2726.681848429697,144154395.12289888,134587471.57220873
37,52511.394521989845,2570.5456455002823,134982936.5276484,133456704.41690108
38,53653.79285599546,3725.471655748738,209662678.8112947,129756049.77497892
39,52463.64742822646,2730.9643323378423,143288133.30584797,128689249.59608696
40,53055.406928230856,3426.049935302193,189033828.10321894,128186461.59364708
41,52169.79970877535,2725.14257081542,142215816.2108248,124373472.65969966
42,52105.11036686912,2583.668325769936,134607825.2861219,120664475.66078775
43,52195.58352029499,2666.1258242547074,139166041.52543998,120469702.0680168
44,52040.427002541175,2514.504802582478,130855619.33836472,120469702.06801678
45,53029.599066254545,3434.6062012684365,192018475.23191682,115270744.64562133
46,53045.79281190876,3506.9063388946793,195249004.90870914,115270744.64562133
47,52201.4129649044,2714.280375077304,141693812.75698245,115270744.64562131
48,51875.4753481322,2569.5547353592547,133286438.7227689,113477813.06684601
49,51330.49207969167,2547.1651757068084,128469358.96984887,113477813.066846
50,52467.01428691653,3422.337091882657,188728799.11642015,113477813.066846
51,52273.67478430373,3731.043353233183,204079664.68379262,111127442.66439046
52,51198.18312224195,2291.834137506373,117304517.64284492,111127442.66439046
53,51186.85771942833,2243.3371149827562,114829377.7213352,111127442.66439044
54,53452.23942807496,4425.760976316322,252538685.69161353,111127442.66439044
55,51203.23262625427,2408.2640813200546,123348829.46507037,110417680.24267752
56,50869.673096677616,2325.3168967758857,118286607.19324815,109945573.85589519
57,50696.389403044755,2375.3680637919438,120446698.56894866,109900795.73080128
58,50727.106945543106,2508.4737026653593,127290705.93022652,109900795.73080128
59,50718.86410325476,2352.9629308022945,119442101.36967035,109900795.73080128
60,50771.615307470856,2300.526783778493,114680387.36787927,88413983.22564103
61,50769.69524524235,2403.5260008825912,100495345.4404959,88413983.22564103
62,50728.96320890755,2420.842599942905,101140968.7636863,88413983.22564101
63,50680.86836773496,2404.292987539232,100438584.193705,88413983.22564101
64,50601.495131398086,2442.3400265671357,102136502.36250363,82510947.74932878
65,50058.40293785294,2283.673177579719,93151637.45002793,82510947.74932878
66,51104.52030109138,3129.6323710199385,146224721.8553555,82510947.74932878
67,50129.13277612671,2258.2541487082062,91855361.13052984,80825665.46161519
68,49850.10575272933,2283.6661269980473,91875590.35370559,78262461.38558011
69,49867.59218792391,2185.6010434005107,86824813.32419896,77794920.29476874
70,50574.442343995484,3142.5429806879006,145510535.1590145,77794920.29476874
71,49518.65684316678,2093.881001051572,81879777.71659973,77618506.29647398
72,50546.33326007831,3101.9871224919416,143784224.24929532,77503911.45696433
73,49410.79624259053,2218.364844200345,87542146.49486962,77503911.45696431
74,49295.97100852713,2326.318736033857,91275533.55020246,77503911.45696431
75,49465.98453101346,2454.0676990675174,99324003.21147975,77503911.45696431
76,51434.04274243746,4174.589451587128,204675364.93871793,77292575.13004528
77,49120.801062046325,2190.6966485260077,85630612.2625622,76769452.29922424
78,50040.95035287952,3108.965075433753,140619289.5991954,76769452.29922424
79,48902.39169814191,2260.998980310238,85844414.65816528,58741975.80089013
80,48878.51638398062,2291.281085089453,76307555.3634077,57062712.09850935
81,48848.70202557783,2092.158611600438,67671955.36294743,57047469.10296516
82,48917.52156124614,2289.351136230395,72861789.1260059,57047469.10296516
83,48871.787969583645,2315.833738986109,74617929.10907939,48237014.207226895
84,50188.98709919529,3193.8728272539765,125896933.79739344,48237014.207226895
85,48854.87371555188,2173.7448980557942,65725408.60232413,48237014.207226895
86,48993.05602414419,2205.6831077773395,63532551.66712823,47978602.95929554
87,48812.67048375461,2231.1799824924205,60978257.979201116,47978602.95929554
88,48755.75593636868,2307.6252049699046,68801311.5644178,47978602.95929554
89,48649.26786332874,2072.0982653841666,55779970.27082515,47978602.95929554
90,48638.26617619403,2098.699986195046,55629075.98843262,47978602.95929554
91,50841.98439062918,4135.769609175931,179881393.0368537,47978602.95929554
92,48595.53863390723,2140.7991608580232,62262970.354636505,47978602.95929553
93,49749.96233933048,3316.6194597608237,130168196.46386501,47978602.95929553
94,49751.521410717105,3360.275884725209,134695302.41814345,47978602.95929553
95,48660.400628970936,2098.27631630667,57881477.03224341,47562893.983939655
96,48170.518213169205,2191.9629294013976,62794312.1189665,47562893.983939655
97,49191.90932392647,2997.2492243843417,111982630.90940078,47562893.98393965
98,49336.219728266384,3100.571643632903,114203986.82535239,47562893.98393965
99,48205.756706244436,2059.006055096804,54790711.136996984,47562893.98393964
100,49260.4482063475,3089.3406565565283,114082024.58715573,47527570.396788135
101,48154.6351890099,2144.0635533727614,57413862.31374767,47527570.396788135
102,48175.728217973694,2268.4094521273773,65484353.53216916,47527570.396788135
103,48126.57925873612,2227.3778192645555,64005118.389946006,47495884.75538475
104,49166.506335972204,2977.332870832415,106023699.75932926,47495884.75538474
105,48200.363861902166,2122.4749230454963,60508656.10297295,47495884.75538474
106,48227.914398032335,2258.390517888273,67851769.84629914,47495884.75538474
107,48163.87721921547,2260.0230311923387,62777122.631872274,47461062.75414051
108,48271.23441620413,2234.626838757953,67910988.93071249,47461062.75414051
109,48157.954805868714,2100.670135087368,55311991.449822426,47384071.98730433
110,48139.62893699274,2267.9030415326124,69599271.21333572,47384071.98730433
111,49109.347309216275,3245.2979135195824,124705791.48264453,47276537.867080145
112,48005.92983429907,2128.374645186682,57810177.23661556,47276537.867080145
113,47942.8532494018,2079.3676595581774,58374085.326907,47276537.867080145
114,47945.84021462286,2213.8737845439855,62988095.45612379,47276537.867080145
115,48054.61726645389,2347.6697949681393,71115666.53770512,47276537.867080145
116,49068.603346829026,3424.464519897221,138506210.46824223,47276537.867080145
117,49036.20440559108,3176.2155411093113,124919183.27089791,47276537.867080145
118,47862.55157844451,2283.3947946671424,69230080.87266782,47214686.81476933
119,47792.198604209065,2342.9040510233053,76161692.54014944,47044835.60866466
120,48681.155243223104,3136.537554892907,119394656.0583272,47044835.60866466
121,47694.08331117847,2227.997705278995,63653919.36876209,46134002.30371354
122,47759.09025731009,2176.266010917307,59537469.10668908,46134002.30371354
123,47660.10930409514,2016.4170627282606,49876265.4969622,46134002.30371354
124,47749.82835313278,2158.5649525110684,57434391.893385075,46134002.30371353
125,47675.63254116818,2184.3209956309124,63940319.6771539,46113254.37582778
126,48772.75613414924,2982.677265399576,106302408.20043036,46113254.375827774
127,47718.983202522955,2223.4308438522125,69810014.5331767,46113254.375827774
128,48789.45337649975,3116.0876128142904,112789042.92846718,46113254.375827774
129,47786.577649991945,2122.7840903953065,58965780.27407539,46113254.375827774
130,49792.99116897382,4098.030710153485,174317611.62926704,46113254.375827774
131,48842.07325725655,3114.0604788341975,114577566.13842773,46113254.375827774
132,48702.567019165974,2970.9201014243386,111789116.5330621,46113254.375827774
133,47634.19862005666,2057.5806398126238,50386179.17785554,46113254.375827774
134,47866.03119066393,2190.1381714934964,62736996.59961297,46113254.375827774
135,47603.89428099239,2127.014612899124,58157774.355530724,46027132.268279776
136,47523.86388146204,2016.3560132683626,53484204.62868101,46027132.268279776
137,48723.36834487504,3340.2109086338946,136945162.37668976,46027132.268279776
138,47629.19279855843,2202.049085970474,65510387.657803155,46027132.268279776
139,47657.63738242259,2129.666684465793,61908817.11059551,46027132.26827977
140,47546.36319803809,2234.078905086705,68021066.09746107,46027132.26827977
141,47547.01603052653,2117.440120438655,58115752.246087864,43498805.90812244
142,48485.0777856247,3180.5395239556824,119144345.26993462,43498805.908122435
143,49507.366460581936,3984.629754885883,168935211.10190567,43498805.908122435
144,47336.72678230009,2161.08339406226,62564555.88323043,43498805.90812243
145,47287.930529945836,2072.536570050985,57684159.098969854,43498805.90812243
146,47337.59705596093,2006.385080227167,51196491.41185156,43498805.90812243
147,47328.42271251794,2126.801186293355,56961972.1576751,43498805.90812243
148,47404.957192986374,2127.1342699304214,57983568.95615661,43498805.90812243
149,48371.46297862046,2997.7533385443303,110392078.04635556,43498805.90812243
150,47345.03048001095,2069.2548600610708,54847363.27622745,43498805.90812243
151,47473.83439493458,2258.719081386992,74689409.18213122,43498805.90812243
152,47373.58289752673,2062.7364715624617,57427867.925908305,43498805.90812243
153,47276.89753853802,2024.6560280486617,48201684.01124157,43498805.90812243
154,47276.89753853802,2135.9920822539625,62425616.82680507,43498805.90812243
155,47290.19573557233,2099.82495286595,56430647.245819725,43385071.36726351
156,48262.03214153939,2962.0158052044403,102889936.48479007,43385071.36726351
157,47311.26930018916,2183.952737466837,63496524.866863586,43385071.36726351
158,48397.39356533103,3079.5675623772536,118130624.14304717,43385071.36726351
159,48347.593070321585,3175.163642765596,119859145.67166944,43385071.36726351
160,48427.684095468896,3155.22990434994,119619888.9490072,43385071.36726351
161,47231.91678347151,2065.289299195164,54672828.12972832,43385071.36726351
162,48244.3402539967,3044.006621346066,112680949.1288188,43385071.36726351
163,47243.44608378752,2309.417895807766,74131960.03181265,43385071.36726351
164,47277.508020266294,2220.855400700841,65850897.24929396,43385071.36726351
165,47131.14898728853,1984.2572948922655,49525721.909192264,43135201.97692406
166,46887.11279223249,2111.8229324577974,57139199.713822916,43032014.78431009
167,46878.29514945957,2069.0097090985373,54447689.494527295,43016660.45963155
168,46880.390020972816,2028.50424238477,47219549.36700873,43016660.45963154
169,47913.02972259269,3095.848415967842,113462979.54650536,43016660.45963154
170,47899.253440726614,3131.8240119750676,114772292.20007963,43016660.45963154
171,46854.87602584688,2071.9166083032205,52199684.39101214,43016660.45963154
172,46752.87531560339,2147.256645839404,55683657.07383249,43016660.45963154
173,46883.23527962952,2051.606714316517,49603087.47961161,43016660.45963154
174,47006.393973422215,2198.875065062384,62524502.75849052,43016660.45963154
175,46752.87531560339,1992.4076314460447,46661885.4797401,43016660.45963154
176,47978.97498020945,3280.655376680029,131702087.61934476,43016660.45963154
177,46926.462565552014,2071.5436565458112,52661866.71898706,43016660.45963154
178,46807.91162695893,2087.649735323089,49829345.80719009,43016660.45963154
179,46752.87531560339,2117.376614374772,55167825.22094635,43016660.45963154
180,48081.009538881844,3121.383824319338,113127818.71405983,43016660.45963154
181,46866.23780262678,2073.9438263279308,55847704.36951587,43016660.45963154
182,46888.46804935468,2103.0299960439093,52079619.71417619,43000587.44759748
183,47825.178056716875,3005.657370135531,108138299.84736685,43000587.44759748
184,46809.93531898185,2109.01533662695,54102577.844155535,42746963.46363432
185,46581.77050603595,2101.1274991684495,53676893.035905205,42746963.46363432
186,46599.9325610826,2106.8330775624927,53356698.02581355,42746963.46363432
187,47604.07260642195,3056.168772282311,112851262.15360609,42746963.46363432
188,46624.15534847614,2160.703706684159,57396879.22660963,42746963.46363432
189,46469.80138464754,1993.435723492672,46341096.04225128,42746963.46363432
190,46625.078943234854,2052.2084569633234,50001169.410922125,42746963.46363432
191,46576.16927786031,2182.5397213343676,60660958.01539173,42746963.46363432
192,47699.68728628308,2981.051619611463,103773734.72832897,42746963.46363432
193,47531.68305286027,2934.4088498586266,101443408.36728933,42746963.46363432
194,46597.71521791505,2126.944647770983,57253556.48010254,42523271.62197181
195,46449.803785616125,2111.095704464085,51958655.37097494,42379076.72716825
196,47264.58079165763,3196.5876630771045,120098082.90214035,42379076.72716825
197,47198.036082012986,3071.3087972208386,107756180.76790297,42379076.72716825
198,46284.65633815308,2102.5852357466138,51670784.24387408,42086423.14380314
199,46804.642610151015,2968.3331819712103,100350413.5919046,42086423.14380314
200,45724.313597723274,1963.4205006608822,44228651.459610954,37547642.644409336
201,46381.83892340235,2870.589416805356,95742598.8045158,37378667.69233808
202,45294.80395521025,1959.982224317384,45323601.81187476,37378667.69233808
203,46301.81190937121,2969.270057757132,99589800.66432078,37378667.69233808
204,46544.82914201056,3091.7775746190264,108862696.21284422,37378667.69233808
205,45273.82190620476,2032.1804328594335,49828719.945896916,34985245.74878295
206,45369.9230943848,1968.9326285189466,42836042.45463673,34985245.74878294
207,46484.91927871147,3089.0927555476705,104969613.74745315,34985245.74878294
208,45184.637089532465,1977.3469806742112,47997442.26006992,34985245.74878294
209,45192.354376882664,1876.0689082437675,35755281.15226108,34985245.74878294
210,45220.498690506196,1913.2533551646109,39569093.004421316,34985245.74878294
211,45372.12981920061,2040.7540223925807,45403829.860810354,34985245.74878294
212,45231.9510755074,1952.4768071026713,41881252.67486348,34985245.74878294
213,45169.950000386634,1945.8577789165834,42916937.68255296,34985245.74878294
214,45340.771695806994,1957.469003734573,41463840.22581925,34985245.74878294
215,46602.43376838906,3120.581537682442,107491420.08185002,34985245.74878294
216,45232.845809902065,2044.4774363552776,47540973.70481993,34985245.74878294
217,45242.16014245753,2011.7736264929795,47278825.001418725,34985245.74878294
218,45252.53987392383,1929.580239214037,40215055.166473426,34985245.74878294
219,46301.55693201794,2966.7627173124124,101700227.04299243,34985245.74878294
220,45213.67286644074,2082.469420066279,52664093.20858949,34985245.74878294
221,46256.549771445476,2953.603780850409,99992175.07203512,34985245.74878294
222,45173.22613252801,2059.8141986223745,48650439.96503006,34985245.74878294
223,46417.28535505295,3178.5806226274863,112214199.74163921,34985245.74878294
224,45199.275294902596,1888.6199714960464,38238327.749223635,34985245.74878294
225,46342.6224748966,2932.323293659109,97792887.38615635,34985245.74878294
226,45153.79872148718,1864.630904078971,35442703.6422136,34985245.74878294
227,45433.74005092592,2029.2299078058666,48658171.43237361,34985245.74878294
228,45264.474140360275,2001.5974489713662,45325665.559646785,34945197.96060841
229,45149.82996765592,2082.5603602772326,54653632.72892364,34863282.88496193
230,46082.78026114459,3012.481973029514,106105541.18182962,34863282.88496193
231,46213.827206743474,2939.6308679683043,103720908.97501579,34863282.884961925
232,45068.83774858461,2039.4677105127575,52399184.79785814,34863282.884961925
233,45154.85566046515,1932.358130625201,42285866.38504102,34863282.884961925
234,45009.55401820519,1859.8003980030485,34873484.68913418,34863282.884961925
235,45224.82771998345,2089.4812909720795,52859582.16249652,34863282.884961925
236,45197.308321867,1909.5155714052253,39148681.42966909,34863282.884961925
237,45180.57580678464,1965.2439319063349,40052440.072823025,34863282.884961925
238,45057.56222819545,1958.2227701426932,43864893.1502522,34863282.884961925
239,46245.11575749008,2939.691656779835,100874143.80751868,34863282.884961925
240,45164.70067496496,1966.2366390683972,43910362.07933134,34863282.884961925
241,45081.57793153227,1929.1015277653673,43394865.19606121,34863282.884961925
242,45082.66648428192,2048.930967447903,52572433.648278706,34858877.30275433
243,46178.40502981605,3129.539894198816,112866695.66476862,34858877.30275433
244,45019.55700412585,1930.665757228835,41928389.90838027,34858877.30275433
245,45246.01885939785,2009.5296951607525,46059417.384640805,34735137.692197636
246,45702.193800657595,1997.8504226843004,44943507.8326797,33549613.84735014
247,45900.749648114004,2124.65893108445,58004870.59841637,33549613.84735013
248,46004.02834989426,2090.742727569559,57944298.345876694,33549613.84735013
249,45879.24285998814,1965.8717368285204,45529779.041021936,33549613.84735013
250,46159.86060128432,2212.001530342691,61702787.491471455,33549613.84735013
251,46893.020004199025,2924.5509102634355,98836650.5797334,33528100.33069668
252,47160.3330429518,3165.699660830508,122171449.47180286,33528100.33069668
253,45900.56661977217,1946.2157756382871,43242666.40554445,33528100.33069668
254,45990.73017198157,1983.7672719833845,46885943.568600476,33528100.33069668
255,47026.21244737734,3002.4973037138125,105000243.67390323,33528100.33069668
256,48103.98890960175,3068.4450822213403,119990145.93947494,33528100.33069668
257,45787.36441651195,2083.4069062751832,55877514.83663459,28223084.113218136
258,45631.26659290355,1967.4139600399376,45987436.962705456,28223084.113218136
259,45723.06626028677,2060.639052406669,56947821.181578435,28223084.113218136
260,45636.920638209514,1996.2471932289475,47835371.197673045,28223084.113218132
261,45590.70108189266,1979.413984968142,48615819.00924453,28223084.11321813
262,46799.561481244215,2999.607923019795,103699138.03406546,28223084.11321813
263,45630.893686808544,2024.8160892149183,49412699.20753683,28223084.11321813
264,45535.82372017977,1929.6581788032727,42950765.33772644,28223084.11321813
265,45912.489373630495,2023.569427776462,48561179.80044288,27000503.497712117
266,45952.64397450604,2033.7663075881933,54907268.02371006,27000503.497712117
267,45987.215655084154,1945.8325943502011,47069979.470681645,27000503.497712113
268,46001.10428074755,2248.8757892225913,63388686.96913121,27000503.497712113
269,46194.21116826716,2076.185874673872,54602848.77590351,27000503.497712113
270,46247.25245400614,2112.519163456614,54100546.96902062,27000503.497712113
271,45904.71999727502,1806.799231328442,33842669.961762235,27000503.497712113
272,46964.29601491569,2977.278061166831,108413235.06614515,27000503.497712113
273,46069.14090641438,2019.6067394404167,52849248.18834808,27000503.497712113
274,47043.7375058206,3099.591807215441,119428863.5149318,27000503.497712113
275,46128.30925752227,2161.7648790757094,61360575.33825399,27000503.497712113
276,46215.63727555329,2137.601024272927,58241565.61954566,27000503.497712113
277,45991.97470339965,1870.4844883829387,38852607.07517258,27000503.497712113
278,46018.60889571161,2004.498714098751,53067129.178953975,27000503.497712113
279,46157.9293265656,2025.429362953096,48835026.652742244,27000503.497712113
280,46172.416234910044,2052.4257262270157,49045951.18257379,27000503.497712113
281,45966.60019133141,1778.6677593337158,32039009.554568123,27000503.497712113
282,46962.246015693,2765.821109371786,86898628.33552966,27000503.497712113
283,46991.63278654254,2899.599809381366,97974972.90252687,27000503.497712113
284,46177.73415700703,2104.340767625901,54108561.39068991,27000503.497712113
285,46100.598546153204,1931.4655124247995,47704698.56240547,27000503.497712113
286,46045.85725461868,2003.377922328204,50975240.94585003,27000503.497712113
287,47086.263179925314,2942.526000642888,106433904.61662129,27000503.497712113
288,46180.00494555257,2026.9004622518019,48177332.84760718,27000503.497712113
289,47025.10540980639,2902.9238638602237,100172626.45379692,27000503.497712113
290,46008.420228743475,2067.4997661478783,56405473.56213399,27000503.497712113
291,47198.950973784085,3105.610953863325,108838261.43878749,27000503.497712113
292,46148.90098900469,1982.2865500872097,53950710.25921132,27000503.497712113
293,49179.73462897881,5208.910200326788,236287447.039816,27000503.497712113
294,46096.21770527604,2017.8792696012283,48895833.394130744,27000503.497712113
295,45946.59142269565,1886.0213366372893,42170929.906104214,27000503.497712113
296,47020.92509834588,2961.6239155438843,101615393.97479703,27000503.497712113
297,45908.24582209594,1946.2057985929532,43880515.564528085,27000503.497712113
298,46050.27575804784,1941.975975598711,43655588.6309249,27000503.497712113
299,45998.510292060455,1942.4802369140366,45358702.19953385,27000503.497712113
300,47005.59238321693,2967.497155460968,105458983.08079842,27000503.497712113
301,47123.362557899134,3058.4252298751335,110744062.35864511,27000503.497712113
302,47067.67256492795,2895.237618612453,97999438.99644734,27000503.497712113
303,45977.1669730676,2016.4814185473977,52002869.47229582,27000503.497712113
304,45964.49548310433,2075.999573769199,54388748.638380066,27000503.497712113
305,46144.01452502389,2109.8020425232435,62571018.54652421,27000503.497712113
306,46122.967221484025,2107.9616549192524,58070276.56379841,27000503.497712113
307,45966.152853317544,1959.9081784076475,47847570.58341305,27000503.497712113
308,45893.392931138806,1960.2619901909668,47133154.38721991,26933879.305505387
309,45919.73909599161,1931.4313737410034,42711160.87652815,26933879.305505387
310,48061.218018402236,3890.4817597814354,155727686.14108115,26933879.305505387
311,46911.66260924355,2915.8868912164107,98503115.31756003,26933879.305505387
312,45791.449335912956,1786.9582349875877,35108714.77296684,26933879.305505387
313,47006.98542255812,3086.743137059037,114166355.53093639,26933879.305505387
314,45851.49709956376,1986.21278855242,51620875.71968472,26933879.305505387
315,46991.00960527481,2797.8661952307093,92132046.73112227,26933879.305505387
316,46983.81629621783,3002.8996641332255,104266018.9845845,26933879.305505387
317,45790.65134436034,1830.0626230946455,36479703.58743099,26814039.82457708
318,46839.44298234522,2875.5612850994867,93585679.19624446,26783925.880240023
319,45662.008636875325,1810.985073938525,35846661.31754048,26783925.880240023
320,45622.42463653294,2104.7752728739565,57329580.623564616,26783925.880240023
321,45536.507053076544,1968.0535976457686,46651893.80102612,26783925.88024002
322,45843.92216843432,1993.2692624445772,46901489.82640402,26783925.88024002
323,45764.717660039976,2055.5701604744227,54639882.407716595,26783925.88024002
324,46719.53000680849,2776.058495092876,86410323.17150716,26783925.88024002
325,45564.07230424335,1967.3708744951432,46009154.164220236,26783925.880240016
326,46632.26435030404,2893.9371096550867,101240357.6306847,26783925.880240016
327,45625.71797821389,1919.1070869882474,49557124.825935766,26783925.880240016
328,45578.712889408016,1872.8803863790818,40870639.10703005,26783925.880240016
329,46720.06954884513,2943.8541064072615,102407968.78229941,26783925.880240016
330,46698.437079564224,2844.0838369456615,97409433.6986041,26783925.880240016
331,46693.402709189635,2915.8401619358056,102022870.29408607,26783925.880240016
332,45841.03211747106,1950.477380423989,41864598.315766215,26783925.880240016
333,45792.41484863213,2085.655879354974,49913963.5779167,26783925.880240016
334,46639.63085642211,2706.9310579440403,87123364.21149795,26783925.880240016
335,46726.636561345265,2992.260606936775,105636061.39673646,26783925.880240016
336,46770.84525513019,3022.565636788244,111639741.71944892,26783925.880240016
337,45596.233977200674,1837.527077027435,35394616.43358567,26783925.880240016
338,45584.6646053942,1956.7564405680412,45777191.29892191,26783925.880240016
339,46728.190466859305,3003.8067791821677,104923763.31092747,26783925.880240016
340,45796.520973563674,1987.6271271938072,48119042.85559736,26783925.880240016
341,45766.58596919598,1989.6463724881924,46615628.320509404,26693771.537410837
342,45383.23176824852,1842.9679193978213,37506459.359148175,26693771.537410837
343,45672.69663422512,1999.1484659790644,45391272.679570496,26693771.537410837
344,45488.42433770672,2094.7409038300057,55393718.98592715,26693771.537410837
345,45663.63111515844,1925.349310155018,43313337.48585059,26693771.537410837
346,45383.23176824852,1965.7848969697945,46585632.453889534,26693771.537410837
347,46443.676024414206,2846.608450842593,99558836.76913604,26693771.537410837
348,45747.05149946225,2093.686410373092,50973809.24466735,26693771.537410837
349,45383.23176824851,1910.5818997055515,42268239.68363236,26693771.537410837
350,45648.9319339411,2006.741902698915,45173220.540885195,26693771.537410837
351,45479.59377964355,2105.9646452776133,54020987.40675382,26693771.537410837
352,45383.23176824852,1891.6050902027685,45686116.7454504,26693771.537410833
353,46384.241623009206,2823.0806404910745,91970132.4280218,26693771.537410833
354,45500.329105241006,1986.0866448135293,45190718.306702025,26693771.537410833
355,45516.875338911166,1857.0645428990404,37169706.606052004,26693771.537410833
356,45494.91023447191,1865.5020873672233,39928531.49829762,26693771.537410833
357,45587.54438168089,1870.8351245696037,39060135.74154,26693771.537410833
358,45640.1209303761,2013.5340813642295,47606599.73494033,26693771.537410833
359,45584.38781673602,2049.894964938361,52333803.10694999,26693771.537410833
360,46525.35455205486,2973.5110029859106,105816293.12197009,26693771.537410833
361,45456.95794164622,1849.4469273783884,37026737.37808166,26693771.537410833
362,45450.46759452622,1988.5917095739437,51061638.26717411,26693771.537410833
363,45619.80583079159,2042.094296132469,50693809.31166973,26693771.537410833
364,45478.40438246493,1888.9361067671264,41267105.650359645,26693771.537410833
365,46564.595235525034,2756.196881128597,92579291.20752478,26693771.537410833
366,45383.231768248515,1834.7698845734947,38279985.9334587,26693771.537410833
367,45798.3645936664,2018.109125029278,43996413.862533115,26693771.537410833
368,45383.23176824851,1942.8568501570735,44474932.61827362,26693771.537410833
369,45441.70009390437,1827.8374160988874,37788268.21544996,26693771.537410833
370,46496.311362307075,2856.9108666596358,95365715.82073054,26693771.537410833
371,45452.38958495003,1966.2535782717346,49071350.34887091,26693771.537410833
372,45523.572991616966,1857.4257865187658,42158793.260655925,26693771.537410833
373,45383.231768248515,1820.2900967109777,34733042.867897846,26693771.537410833
374,45510.89661892589,1878.9475771373643,39617329.40446119,26693771.537410833
375,45460.5346665083,1968.5019164186222,47162326.1759413,26693771.537410833
376,46596.28518986984,3100.2462803433286,109107230.33465362,26693771.537410833
377,45372.086093821075,1819.87049436212,38056487.046759285,26615613.78581661
378,45503.82998276488,1982.8564627516346,43337477.34697795,26615613.785816606
379,45345.26350911766,1858.9038795806082,43248323.75242462,26615613.785816606
380,45275.79252968567,1853.6491417651584,40393743.4658103,26615613.785816606
381,46424.08640698051,2900.6297513668737,94382387.04855809,26615613.785816606
382,45267.91938672039,1820.6135015693671,35990970.10256608,26615613.785816606
383,45382.229408742234,1844.8630282566216,37552573.883055896,26615613.785816606
384,45536.66180987768,2030.1886633136796,48777493.47156473,26615613.785816606
385,45416.72583806621,2041.5563309392878,53505037.8826038,26479868.50303461
386,48403.944108957,4993.8931540182275,217215624.74709573,26479868.503034607
387,46039.57058148219,2925.217453977634,102017633.77607003,26479868.503034607
388,46259.93764313314,2987.7061747661746,112039344.51392472,26479868.503034607
389,45263.23228744316,1951.3731678502331,43716863.673935786,26479868.503034607
390,45076.960141684525,1759.3728838321506,30527596.205343924,26479868.503034607
391,47439.215759079045,3978.688184099574,160871839.98523948,26479868.503034607
392,45051.17061730441,1826.1349354351746,36388985.10406165,26479868.503034607
393,45271.912821341226,1806.6290980874342,33673900.12591551,26479868.503034607
394,45148.075882497156,1953.72763874169,45266299.73893286,26479868.503034607
395,45239.39458056145,1986.5896128058623,43500572.97628951,26479868.503034607
396,45171.58160581984,1843.406952991883,32978419.482976664,26479868.503034607
397,46314.80101900389,3148.577873290039,116578081.73668823,26479868.503034607
398,45344.72861564155,2088.7350266995595,52745836.531295046,26436288.492598277
399,45066.76576278785,1931.2899471938101,39893629.002785616,26436288.492598273
400,46086.235004174974,2886.5604791223295,97792821.80674386,26436288.492598273
401,45072.587366557134,1973.5585714633987,45281526.961607456,26436288.492598273
402,45126.11361879932,2132.955535037424,56634313.83729639,26436288.492598273
403,47289.94212983269,4070.40392205823,165826974.7550667,26436288.492598273
404,47232.08174364478,3960.329147906471,159757136.3816664,26436288.492598273
405,46198.665820068985,3068.536303114889,111626086.38324292,26436288.492598273
406,45177.03272790256,2070.260123322491,54967667.42493181,26436288.492598273
407,45168.190021951494,1992.2023017766528,47652579.36258496,26436288.492598273
408,45010.135351749646,1926.6146697736217,44222080.23253355,26436288.492598273
409,45222.329477031024,2018.7222203748563,52641430.468760215,26436288.492598273
410,44945.47374358176,1972.7108421019766,50319405.10402577,26436288.492598273
411,45237.530292194766,2006.9408637134547,45986339.48947053,26436288.492598273
412,44996.66140175902,1889.2807469647482,42637850.63314219,26436288.492598273
413,45038.073841352525,1953.9455464988562,43500563.721679285,26436288.492598273
414,45010.0688294487,1882.8801869926351,37964966.31555793,26436288.492598273
415,45024.343850265825,1891.0889973672297,40629861.62499096,26436288.492598273
416,45012.30112774992,1977.9841632904154,47316856.13683687,26436288.492598273
417,46178.61717213901,3041.55070099141,108043975.69574118,26436288.492598273
418,45021.703748250075,1935.5205634727038,45014594.62373713,26436288.492598273
419,45074.75895137998,1965.8708116841858,45496859.05171542,26436288.492598273
420,45070.99802015266,1958.3930728925964,42530559.65783672,26436288.492598273
421,45150.86721880837,1991.5791665438057,45891619.73712511,26436288.492598273
422,45066.844576547606,2041.2873635828128,54920332.039185606,26436288.492598273
423,46233.878542378276,2884.894356250005,93116958.13438699,26436288.492598273
424,45006.491195338334,1859.1597432267868,40377292.364540026,26436288.492598273
425,45125.407438840324,1959.436544138808,45134447.50141146,26436288.492598273
426,45053.646364261454,1862.4034669722237,39258878.25249132,26436288.492598273
427,45020.31615936276,1911.4120462021929,43020838.215537675,26436288.492598273
428,44984.714875396014,1951.4902625332604,48863424.621422835,26436288.492598273
429,45027.243480104386,1985.9904492438077,52069931.658038765,26436288.492598273
430,45466.49548998753,2191.0999587799515,53142915.94694096,26436288.492598273
431,45063.149528111564,1969.2928600544772,49994583.43648122,26436288.492598273
432,46074.02071482684,2917.0262405854546,98138613.94994831,26436288.492598273
433,46052.67568185083,2843.9589822128387,92477552.25358658,26436288.492598273
434,44945.47374358175,1784.4021083294483,30680357.30826069,26436288.492598273
435,44939.70904657191,1949.6329442464498,46364175.76281246,26436288.492598273
436,46003.391748297945,2993.4213610141446,103001531.54229309,26436288.492598273
437,45064.37053810359,1921.678138998508,42563456.55789491,26436288.492598273
438,45129.44944736725,2061.4937143661973,52458414.91172561,26436288.492598273
439,45154.95137391122,1907.2621473497493,41849611.38251833,26436288.492598273
440,44985.947338596074,1823.2932852964848,35873012.57010714,26436288.492598273
441,46062.487016380015,2995.61679144734,104282720.34779307,26436288.492598273
442,45089.92032880455,1956.508494866094,41731574.98778151,26436288.492598273
443,44985.05545202615,1754.5168847449665,30933722.99787149,26436288.492598273
444,44975.71780951358,1847.0034610733721,36761486.94736705,26436288.492598273
445,46206.579860204176,2874.099481786071,101920427.74578288,26436288.492598273
446,45035.70645621097,2021.8211014019635,47753018.0105017,26436288.492598273
447,46207.28464615949,3038.9045146188864,107526687.33882532,26436288.492598273
448,45073.011645367355,1964.0001830699443,45890271.01609425,26436288.492598273
449,45086.56872097763,1922.2346847196332,45542454.57844828,26436288.492598273
450,45232.69855161807,2041.630781571764,52229412.45215462,26436288.492598273
451,46111.17812573776,2899.7936273962164,99172056.99955757,26436288.492598273
452,44943.23487139282,1817.4487699863748,36433019.42430021,26436288.492598273
453,46132.78551287674,2999.3103515242246,103961075.60036874,26436288.492598273
454,45002.65898069133,1900.1820115383114,41908481.282241024,26436288.492598273
455,45191.05832446302,1989.6097916796869,45343375.03341373,26436288.492598273
456,44980.51260547991,2010.8583361954982,52202729.34832783,26436288.492598273
457,45132.15155024103,2019.8657264857175,49589990.66054142,26436288.492598273
458,45245.31394454324,1994.1253398271238,48999904.07148765,26436288.492598273
459,46070.643397001106,2780.3549399668204,89258226.60500492,26436288.492598273
460,45168.217620573516,1927.151657669277,43060799.435956076,26436288.492598273
461,45105.587453913264,2058.2965046853483,48527528.38597907,26436288.492598273
462,44936.761916801916,1867.5270378318205,40209666.987148896,26436288.492598273
463,46173.72291776936,2954.5695989155124,99164650.75894392,26436288.492598273
464,44998.00952562902,1978.0069562801932,49848058.180377886,26436288.492598273
465,46104.05455345286,2860.448244631748,98232545.4318388,26436288.492598273
466,45212.97254441409,1901.840433953128,36907679.94834312,26436288.492598273
467,44954.977440380164,1886.37822192985,39402576.30880828,26436288.492598273
468,45125.48746921636,2056.0507818513333,55086384.45935793,26436288.492598273
469,45265.30202632935,1941.049482888497,39878382.31806342,26436288.492598273
470,45121.40042904446,1830.4688892753438,37511906.86790653,26436288.492598273
471,46129.76403943682,3033.5458547864937,109862902.64932427,26436288.492598273
472,46190.911843505746,2959.8418319489547,99059977.21892852,26436288.492598273
473,45026.30054972834,1868.3287386149718,39264896.95299094,26436288.492598273
474,45077.80669250495,1944.1738553479445,43809378.38904528,26436288.492598273
475,45026.99372544889,1776.3370735701035,31268144.28356571,26436288.492598273
476,45997.57375049573,2736.803950018174,89909021.86201605,26436288.492598273
477,45001.6537467693,1960.5694767651607,47343346.03733139,26436288.492598273
478,46176.77202024803,3012.8886349694135,107249151.29248801,26436288.492598273
479,45096.61837970696,1987.5674213820826,48726640.06746727,26436288.492598273
480,46031.951225247365,2840.4152423594182,92058040.61372228,26436288.492598273
481,45353.61308085565,2060.5671009088355,50843909.23372317,26436288.492598273
482,46315.94928543028,3048.816217266488,112264604.5622962,26436288.492598273
483,45024.887029166544,1986.1576344851753,49861947.116257206,26436288.492598273
484,45011.84252042608,1982.3762765985543,50573250.377750084,26436288.492598273
485,44997.001518699784,1743.9258431186379,28475758.74728482,26436288.492598273
486,45005.26580090787,1951.9870321141836,45560534.33332844,26436288.492598273
487,45179.480362112205,1880.4480719421076,38500060.76489689,26436288.492598273
488,46134.88106581234,2958.2078691894953,101455242.38740423,26436288.492598273
489,47211.01380820268,3804.3259795217323,149318181.02261168,26436288.492598273
490,45133.22859920807,1967.0049129296099,45590854.456615165,26436288.492598273
491,47137.67223495082,2936.8175411847196,113185747.53705676,26436288.492598273
492,47253.49102716202,3895.2180292005214,153393765.30017817,26436288.492598273
493,46163.788674021846,2898.2553051129466,97685326.51822934,26436288.492598273
494,45226.45035914831,2017.493071806727,47030432.51431354,26436288.492598273
495,44994.79327406925,1898.063130402083,42835724.50516702,26436288.492598273
496,45297.65152553299,1961.0682690439633,45061667.71890489,26436288.492598273
497,45996.31359265273,2802.378299838977,90720232.69238737,26436288.492598273
498,44995.6180083878,1944.9197124841878,46749805.55671093,26389860.253063314
499,46078.51166620325,2957.106242939467,103631921.05563416,26389860.253063314
500,44980.32543829336,1813.2863780867824,34933854.970179476,26389860.253063314
501,44949.43226659671,1916.689685431948,46612678.01073128,26389860.253063314
502,44926.533402096844,2074.8418103415024,54726161.41535059,26389860.253063314
503,44979.98721080163,1805.9383518484779,31019456.246732168,26389860.253063314
504,44940.02116103647,1760.7293595539031,30599262.479071766,26389860.253063314
505,44857.2235950243,1827.9193995881487,37562852.11384632,26389860.253063314
506,45071.70637789978,1884.41651462477,41192755.53676127,26389860.253063314
507,45940.9510474491,2859.169674615584,95104475.96601252,26389860.253063314
508,44951.072472911386,1864.4299935736035,42883141.20537118,26389860.253063314
509,45041.398898303465,1760.7951100782327,30574369.58491137,26389860.253063314
510,44887.31361251107,1813.8052680890862,38091849.56573179,26389860.253063314
511,45959.624604279656,2865.3344810221524,93568584.03416929,26389860.253063314
512,45122.10567061494,1898.5906659518816,36736612.697593175,26389860.253063314
513,45084.09215066867,1978.68549500758,43755014.38556413,26389860.253063314
514,44980.24619975021,1927.0826120221857,44943297.820344076,26389860.253063314
515,44854.68793728369,1902.2503360949402,43774128.28416948,26389860.253063314
516,45000.44391602433,2049.4404654327222,51505354.4627683,26389860.253063314
517,45067.0460344922,1831.5875698402783,34515876.8653716,26389860.253063314
518,45164.90027202336,2015.3106815058145,46427921.850549385,26389860.253063314
519,45190.32078330725,2042.0356700002735,48303998.6903931,26389860.253063314
520,44870.94156034092,1923.3978713744273,45054085.32667542,26389860.253063314
521,45081.76148837458,1935.7806061159372,44748928.592791244,26389860.253063314
522,46053.26272913231,2896.5180211234847,100905283.35361812,26389860.253063314
523,45227.565586109784,1938.8318940806657,43364758.141735435,26389860.253063314
524,45159.42788637205,2007.4891270528447,47981524.42580777,26389860.253063314
525,46100.81422866929,2991.861436577383,105255219.23443404,26389860.253063314
526,44926.41323696486,1796.6879434127004,32579770.436016493,26389860.253063314
527,45973.671855783316,2787.4633575245225,89967866.14336124,26389860.253063314
528,44866.5390920113,1786.7680593833259,32077359.95219071,26389860.253063314
529,45029.019271724166,1840.4232131541514,34346247.12975695,26389860.253063314
530,44993.37323121651,2000.812092397168,47149837.99366574,26389860.253063314
531,46174.11446045039,2980.5193857366567,103264264.16705179,26389860.253063314
532,44894.60098374668,1874.0487157332086,40434380.0251344,26389860.253063314
533,45032.77647581215,2032.605212502219,49067658.54031081,26389860.253063314
534,46220.324683808765,3011.584001203565,103392942.57386622,26389860.253063314
535,44968.416276888645,1974.7750240723885,47070988.99561705,26389860.253063314
536,44941.90401658897,1949.9904633854671,44448069.841303974,26389860.253063314
537,45028.643520980506,1830.0545188259719,35748502.72914405,26389860.253063314
538,45034.447600279214,1757.2555344947632,30493531.174349945,26389860.253063314
539,44870.99160231002,1894.7612588386874,40565260.00720781,26389860.253063314
540,45952.64954415342,2906.7373091835057,100848102.19442604,26389860.253063314
541,44970.35599064888,2005.3232429369232,50737214.78316345,26389860.253063314
542,46062.46183496999,3108.334052097348,115934428.18157597,26389860.253063314
543,45908.151850494745,2838.340070461563,95572251.41810168,26389860.253063314
544,45137.926303811444,1966.9772678814545,45556592.87263348,26389860.253063314
545,44877.88637901467,1941.1357985254167,47489753.09831116,26389860.253063314
546,45031.851947114665,1920.55847283506,40172526.60722912,26389860.253063314
547,45929.62233845426,2861.1110314121092,95078463.8878667,26389860.253063314
548,46245.58623521023,3039.8035919309377,102660478.93460475,26389860.253063314
549,44866.539092011306,1950.3598303802694,48566748.40298922,26389860.253063314
550,44953.569690143064,1910.517235302776,41401917.41518297,26389860.253063314
551,45962.442210328925,2963.2470066724645,105750613.4806923,26389860.253063314
552,45921.36201387952,2782.2493474145185,89535266.17879221,26389860.253063314
553,45138.24862199336,1872.8380085959682,40433473.19941801,26389860.253063314
554,44897.186755359704,1942.1266818670617,44853774.8094988,26389860.253063314
555,45073.37787042147,1984.6159998874314,45117582.48471981,26389860.253063314
556,44875.8365356597,1763.1243352381146,31325502.83237525,26389860.253063314
557,46011.63546987051,3029.545229886614,108786940.59249254,26389860.253063314
558,44952.721153365856,1806.6753601944688,33748920.97263472,26389860.253063314
559,45108.55087763948,1970.6522014105776,46155211.67983089,26389860.253063314
560,44964.83033428351,2012.9030501573247,54530542.209353864,26389860.253063314
561,44866.5390920113,1905.2206066757924,41148588.763942294,26389860.253063314
562,44866.5390920113,1852.8530554956765,39204258.832924716,26389860.253063314
563,46162.26326419243,3151.233852709619,118047019.88037248,26389860.253063314
564,44919.07487405856,1851.4831154410597,36629465.43880668,26389860.253063314
565,44888.34670301418,1908.4453300597445,44819314.061640844,26389860.253063314
566,46034.07471186238,2709.487445679874,87430317.02745573,26389860.253063314
567,46312.64715557874,2922.192288788819,101331936.84587705,26389860.253063314
568,45078.62768655365,1967.7104427486715,43268850.41319443,26389860.253063314
569,45053.04825858519,1850.6067480589768,40159709.72594613,26389860.253063314
570,46035.692627037686,2899.8555634271966,98595985.98022106,26389860.253063314
571,45131.81289020358,2060.5987456520916,50161733.91672808,26389860.253063314
572,44920.86117387745,1889.8319373796526,39254868.45760109,26389860.253063314
573,45050.761722901385,1874.8606281421787,40514217.11365942,26389860.253063314
574,44901.374005862344,1894.8029403806438,40550162.48677769,26389860.253063314
575,44866.5390920113,1844.7253562090289,40908901.0237915,26389860.253063314
576,44866.5390920113,1923.8221307660347,43102652.18361926,26389860.253063314
577,44901.10639094652,1786.4634966750684,33698831.53303596,26389860.253063314
578,44976.81444017339,2069.876398763942,56586675.65048091,26389860.253063314
579,46052.402611819605,3083.1833580260623,110081696.67532396,26389860.253063314
580,47259.40437150241,4013.2637773786346,163477493.4639458,26389860.253063314
581,44998.400038369065,1934.0956884187212,41224685.50794455,26389860.253063314
582,45106.69674910464,1887.2920979219525,39698650.3139467,26389860.253063314
583,46065.59485727892,3070.448936198703,106504411.05184174,26389860.253063314
584,48456.737413812756,5030.0301996114185,215215849.0870083,26389860.253063314
585,44949.478523118465,1916.345749588713,40383557.0552084,26389860.253063314
586,45151.108716832285,1941.3892328159097,47205691.10883619,26389860.253063314
587,45044.21936204242,1963.5455454982061,45050010.598658815,26389860.253063314
588,45088.37515801999,1959.8331821331744,44598977.793185756,26389860.253063314
589,45409.0217419173,2119.4859866403012,49957855.4944246,26389860.253063314
590,45147.68293549631,1956.0444888720278,41678720.08212869,26389860.253063314
591,45949.190026840406,2927.4036749180814,101647752.16186637,26389860.253063314
592,45281.81678314095,2170.3062937346667,55256651.30850683,26389860.253063314
593,47202.65406135788,4100.225577731573,163161514.6774517,26389860.253063314
594,46039.81208419001,2975.940252939261,104547834.9708827,26389860.253063314
595,45051.737294925224,1972.4243212174529,51192575.04229109,26389860.253063314
596,45942.13641104948,2907.8101888595056,100418844.24360192,26389860.253063314
597,46178.87460480466,2916.5405676953947,98520122.01819596,26389860.253063314
598,44973.23932479419,1815.428724269484,33029969.73006445,26389860.253063314
599,44859.60403873616,1838.457614626368,39167782.95318763,26349069.25592327
600,45198.7343694073,2030.3626685751037,50740647.45023276,26349069.25592327
601,46086.974452703624,3081.7774321096695,108420952.64387803,26349069.25592327
602,44911.85565584955,2039.777619488995,54613078.61800115,26270511.308599584
603,44820.36277356847,1960.2673137934755,49356673.716694616,26270511.308599584
604,44667.15463117617,1906.8084609147768,43735606.07976756,26270511.308599584
605,45759.994549026174,3058.9731861215378,109532665.27513023,26270511.308599584
606,45890.33747274842,2950.5757387352883,102817919.9846448,26270511.308599584
607,44900.25560204543,1954.4665718535202,43182724.768351436,26270511.308599584
608,44735.604949780616,1828.9580557590102,37352163.44632635,26270511.308599584
609,44824.36616261145,1950.9834913146647,44443115.10948865,26270511.308599584
610,44943.102278386024,2042.6497472412848,54724789.984876156,26270511.308599584
611,45791.01460915394,2902.020391472911,98921000.93753928,26270511.308599584
612,44914.30165067332,1996.1096327275186,48195956.485228,26270511.308599584
613,44920.21775013662,2083.109699487329,51705428.55177466,26270511.308599584
614,44910.70962351594,2016.9126587431492,48115331.99351469,26270511.308599584
615,44828.13960629307,1862.273358040191,39128005.508411154,26270511.308599584
616,44901.29384601412,2020.898442565304,49914099.67228016,26270511.308599584
617,46107.43357924854,3203.2469529824907,112969198.33882034,26270511.308599584
618,45993.80217147236,3015.0385598963812,113036051.0954924,26270511.308599584
619,44689.105369744255,1973.0764626661482,46807816.886328004,26270511.308599584
620,44895.34865754152,1911.6721963260738,41463953.63226746,26270511.308599584
621,46988.02470032204,3013.118273260213,121516235.002182,26270511.308599584
622,44821.440179360645,1969.374275050414,42183386.30065735,26270511.308599584
623,44868.4067351251,1915.4477858279693,40437284.7143595,26270511.308599584
624,45966.48281589964,2952.0972325761804,98275584.79710017,26270511.308599584
625,45786.62394234682,3014.585014358042,109117823.67788811,26270511.308599584
626,45896.7471089202,2968.0265208432293,107973961.78031954,26270511.308599584
627,46066.881114625445,2925.0744367461216,101485786.13656318,26270511.308599584
628,45904.09981896401,3081.918662158262,110954999.3576875,26270511.308599584
629,44929.4048590509,1966.6201532445812,41892187.89057272,26270511.308599584
630,45723.228517023184,2767.4858139498897,88220281.98444597,26270511.308599584
631,44721.57052606705,1811.1075046320045,37340179.85538251,26270511.308599584
632,45790.11424804489,2874.48039646491,98610879.17704117,26270511.308599584
633,44753.41820692537,1840.0527340578308,34721425.94538025,26270511.308599584
634,44815.187467473224,1896.4639576332152,38768708.546783425,26270511.308599584
635,44823.73243676048,1986.468900078319,47312251.524874106,26270511.308599584
636,44737.289170458986,1883.5206428885394,42832514.33165167,26270511.308599584
637,44726.08059252017,1943.1894374634091,48428769.1354553,26270511.308599584
638,45925.87857115385,2885.8377080619357,96270114.09167656,26270511.308599584
639,44817.68374473088,1914.8501166960655,41238770.46083607,26270511.308599584
640,44663.62880635525,1815.5970491100984,34702252.010792285,26270511.308599584
641,44801.497119195934,1937.7027669827705,46042756.16833131,26270511.308599584
642,45970.51329161964,3039.4421776633294,106568265.97073041,26270511.308599584
643,44700.666779653584,1912.1329665474084,43029114.690476134,26270511.308599584
644,44836.119881137674,1992.2185580860246,43065873.59186073,26270511.308599584
645,44761.35749206517,1882.071436121978,41055479.11373738,26270511.308599584
646,45951.79119364302,2985.7429896793533,101373862.18464959,26270511.308599584
647,44663.62880635525,1880.7937802690326,43856186.90552817,26270511.308599584
648,44875.103389888405,1951.536272897966,42037637.451789275,26270511.308599584
649,44687.2803935975,1990.5624940319733,53878556.46747278,26270511.308599584
650,44820.430970111476,1944.6172953205992,42018036.37136579,26270511.308599584
651,44663.62880635525,1794.3004884731697,35252425.00310597,26270511.308599584
652,44663.62880635525,1851.8825698751466,39747160.791636296,26270511.308599584
653,44841.54870945392,1849.451534527714,32884430.1531986,26270511.308599584
654,44754.59411342981,2017.0547087540203,50181849.90962292,26270511.308599584
655,45844.60483443566,2865.0248213249997,97332076.86969742,26270511.308599584
656,44897.49241369958,1924.7528158127693,43548475.32354274,26270511.308599584
657,44629.88281769003,1941.017425418997,50021244.249315515,26262397.392971475
658,44884.67343762748,1882.3361971433947,38063382.660796165,26262397.392971475
659,44843.74640561363,1934.8556306796763,39071007.787427045,26262397.39297147
660,46823.505469061885,3951.125728435233,162060127.89597863,26262397.39297147
661,44951.48192923341,1965.5346600314963,41678981.43656227,26262397.39297147
662,44717.870605668504,1922.1029490849783,41734754.1938682,26262397.39297147
663,45858.45040171816,2943.8838892091,97101100.4420103,26262397.39297147
664,45904.94049990066,2926.9092266898697,96234368.97689925,26262397.39297147
665,44988.694982693116,2202.48176619844,60977387.46348675,26262397.39297147
666,44650.563780963144,1784.2335033983968,31838177.94607805,26262397.39297147
667,44737.57590590079,1855.7239299459798,36760322.61922029,26262397.39297147
668,44799.16384295254,2043.133171428047,52119657.22412113,26262397.39297147
669,44827.53962506736,1908.3189623037445,43864820.49048488,26262397.39297147
670,44835.18757861121,1934.5710754030363,46602048.264406346,26262397.39297147
671,44759.13534421882,1944.5813538169118,42935610.98038067,26262397.39297147
672,45885.47969699767,3097.410139309629,114754009.20782082,26262397.39297147
673,44714.320501665374,1907.4016003997785,42519422.51388583,26262397.39297147
674,44869.80729064506,1861.9949241348597,40482596.31164652,26262397.39297147
675,44888.61833866165,1975.6698205175976,47787650.71546509,26262397.39297147
676,46065.981645468535,3090.876818342685,112962313.83985019,26262397.39297147
677,44649.833988602266,1859.2023029044456,46644297.51140334,26262397.39297147
678,45015.597502239834,2015.9431614459604,44260628.93915696,26262397.39297147
679,44737.15780615321,1890.593365649269,42935422.69438191,26262397.39297147
680,44782.93303513081,1861.519655063637,39763608.93006502,26262397.39297147
681,46995.010365016096,4032.538857223283,162269403.176581,26262397.39297147
682,44943.9151928791,2066.1773751210358,47948081.395281106,26262397.39297147
683,44844.48667090165,1872.5409537310159,39612137.27200182,26262397.39297147
684,45861.858210325205,3064.488280465523,109576403.8922846,26262397.39297147
685,44732.47879728964,1945.7785170250165,43437968.05054118,26226898.019272126
686,44853.108114641684,2041.335497603835,43738627.19583928,26226898.019272126
687,44862.04778109231,2080.3492726991403,52005654.73475836,26226898.019272123
688,44589.479972986024,1766.4637652067024,33318505.859206427,26226898.019272123
689,45120.84116366749,2136.850441183603,50355917.46831989,26226898.019272123
690,45979.05168806464,3037.0675249956803,106239925.89981386,26226898.019272123
691,45862.248333914846,3020.628889121404,109564433.51065326,26226898.019272123
692,46754.81977231424,3697.260737177451,142416971.33078355,26226898.019272123
693,44572.416156702326,1831.1707984494521,38361300.07198417,26226898.019272123
694,45992.400605466355,3044.241245303541,104865823.75348035,26226898.019272123
695,44622.06681599974,1822.1522142146223,39334173.03420733,26226898.019272123
696,44660.330434193325,1890.4981241915418,40485428.71949248,26226898.019272123
697,44701.60478222494,1836.2455628270163,36893967.165332004,26226898.019272123
698,44947.87420210448,1867.5293984156738,34412993.65568244,26226898.019272123
699,45734.324952518546,2933.647724737553,99930669.26271379,26226898.019272123
700,45689.98133681146,2787.7908109526643,88493437.99508904,26226898.019272123
701,44666.36497190622,1804.8719905068986,37800460.61851734,26226898.019272123
702,45703.198576102994,2950.196612385367,103338992.67444642,26226898.019272123
703,46835.69214685025,3931.653722906022,154555504.3011769,26226898.019272123
704,44670.208150032864,1858.160475720363,40715253.33058579,26226898.019272123
705,45886.52213839525,2877.7498154311247,99723733.35351238,26226898.019272123
706,44640.990826954905,1793.0059487946733,33787530.30509396,26226898.019272123
707,44664.9347822443,1873.1773240327143,39260066.64751203,26226898.019272123
708,44897.84942560528,2005.661288492273,48432680.45629032,26223659.59084122
709,44636.69448056873,1892.16239380857,40725673.36296204,26223659.59084122
710,45788.15333362967,2962.231043102115,99856649.42704538,26223659.59084122
711,44583.9741812009,1990.8101328760172,51013261.3231341,26223659.59084122
712,44591.416360086274,1831.7900945778197,38891939.072118655,26223659.59084122
713,44938.03697690625,2036.3284930273778,46344553.471416995,26223659.59084122
714,44609.73288590857,1977.550341239811,48509159.86901048,26223659.59084122
715,45639.36929523888,2909.469831244892,98224802.28860673,26223659.59084122
716,44690.098454481114,1812.23207918244,34160703.414516546,26223659.59084122
717,44843.44706769524,1940.0110669886394,41008458.70752938,26223659.59084122
718,44579.93956285788,1953.091512057565,46449165.30912604,26223659.59084122
719,44663.4858835677,1946.9120980499047,47617087.13260509,26223659.59084122
720,44717.17953079621,1914.93587849924,45416061.079678215,26223659.59084122
721,44665.800784996136,1800.337513267265,34532421.41766943,26223659.59084122
722,44583.9741812009,1799.877471170931,37464821.3434672,26223659.59084122
723,44734.71963576408,1982.6873243158025,45090787.99803804,26223659.59084122
724,44687.14703726443,1901.1813872013633,45241380.8434763,26223659.59084122
725,44588.99577304779,1715.879477188208,26226613.219754197,26223659.59084122
726,45978.67391379477,3229.734680667937,115813724.31194937,26223659.59084122
727,44818.29658552861,2022.050490102142,49652631.45045475,26223659.59084122
728,44655.48678170837,1906.46198182413,41631422.603418246,26223659.59084122
729,44610.77680691968,1871.063550491762,37729383.91138736,26223659.59084122
730,44686.421947692674,1880.163351456636,45113294.63291131,26223659.59084122
731,44823.01006697958,2062.6486073204,47723077.55935703,26223659.59084122
732,44762.50854654526,2007.9415199111234,45730600.33618126,26223659.59084122
733,44601.94667014965,1973.3671872446273,47241190.421549365,26223659.59084122
734,45719.618359789645,2903.11654470052,100687217.40499622,26223659.59084122
735,44588.24658482218,1800.8371675219882,32460105.91273781,26223659.59084122
736,44735.59646707758,1867.8571271589171,33726902.362143375,26223659.59084122
737,44685.65608498692,1833.4601047576132,38161558.25907878,26223659.59084122
738,44583.9741812009,1873.1019844402902,39428379.612450056,26223659.59084122
739,44834.95734138395,1930.5410123379465,42599825.592669636,26223659.59084122
740,44583.9741812009,1742.3365762928613,30080036.229537763,26223659.59084122
741,44923.65375687034,1996.9675543633207,49032431.84443787,26223659.59084122
742,44583.9741812009,1842.6289030855326,37181813.747962676,26223659.59084122
743,45797.780200946516,2892.261608964419,101823546.75482087,26223659.59084122
744,44672.72652635791,2035.2888622553069,55955911.914388694,26223659.59084122
745,44655.77826536163,1839.6180458473195,36554388.32880451,26223659.59084122
746,46826.437690821054,4038.9738492441115,167723385.6329021,26223659.59084122
747,44715.08628657232,1953.3666264793058,46492816.024750404,26223659.59084122
748,44830.72827011543,1922.1805727805865,40573163.32389079,26223659.59084122
749,45701.241151786366,2996.686362106965,106216586.31633894,26223659.59084122
750,44841.16315700543,1973.3326576003951,41218641.03478761,26223659.59084122
751,44661.08969383796,1887.4274907646045,39456923.074643366,26223659.59084122
752,44583.9741812009,1818.7666271772118,37717887.68161093,26223659.59084122
753,44724.18402035812,1999.5765141225306,49841494.877270564,26223659.59084122
754,44861.38386122878,1997.8988775647624,46574354.13698389,26223659.59084122
755,44684.61828909258,1899.8067450334522,39540800.653104246,26223659.59084122
756,45813.52455068275,3067.5882557692667,108558213.19061606,26223659.59084122
757,44586.1164430627,1835.8317187867706,38627561.76788105,26223659.59084122
758,44815.50202028331,1903.014106797688,40248757.64598279,26223659.59084122
759,46999.87035761191,4117.198294185991,167188832.56159395,26223659.59084122
760,45748.58619530111,2836.831812151414,90391318.79493359,26223659.59084122
761,45748.46255276599,2922.0939768283774,97649731.43372235,26223659.59084122
762,44724.13333576296,1858.7154348661618,35849023.13793965,26223659.59084122
763,45810.47675900989,2922.6419600256745,97416545.2080704,26223659.59084122
764,44731.18742528332,1901.2130069395546,40799715.719058454,26223659.59084122
765,44713.10882340895,1817.1126928402268,34384421.53084861,26223659.59084122
766,45789.61396498613,2805.8999537116133,89796310.76457176,26223659.59084122
767,44538.07497568488,1900.0543744581996,44743452.68904676,25953686.99125864
768,44253.85119585168,1935.0911351296163,45498047.39745836,25953686.991258636
769,45265.76031457206,2927.8400980016568,101166059.70302466,25953686.991258636
770,44220.412020304626,1830.31186555624,31870964.547113426,25953686.991258636
771,44380.25921454373,1956.3944930075195,46369740.06042263,25953686.991258636
772,44259.12533663274,1939.649802566455,42195967.235535614,25953686.991258636
773,44261.51882721755,1864.6093989527485,37372057.72654025,25953686.991258636
774,44337.82484849416,1915.8542774214918,38901282.53030048,25953686.991258636
775,44427.92063957509,2055.2314179183513,49922006.76554931,25953686.991258636
776,44222.02829384486,1950.7306915598988,45299340.419768415,25953686.991258636
777,45327.44165365448,2830.6619015827077,93642544.49859063,25953686.991258636
778,44379.22946825331,1967.383732027551,42193699.27913259,25953686.991258636
779,44248.86630092481,1944.7743957736807,43169623.43746619,25953686.991258636
780,44179.683034082074,1894.3739372888333,39446284.42281626,25953686.991258636
781,44236.07774458899,1777.218308813754,30771274.369317345,25953686.991258636
782,45182.04987072811,2738.4710701419153,85182540.46845892,25953686.991258636
783,44191.26472579331,1994.7731973803043,53188209.65759886,25953686.991258636
784,44208.16826705786,1883.3160484021253,39211541.38564712,25953686.991258636
785,44276.74930000947,1881.796529435274,40407110.39323868,25953686.991258636
786,44175.03907416573,1855.9539764859321,38097273.70241321,25953686.991258636
787,44164.79326220505,1896.0086620877057,45877545.02487492,25953686.991258636
788,44390.97642886792,1967.5065067839903,44841240.441102795,25953686.991258636
789,44157.331632951995,2085.242055735027,56680629.765864566,25953686.991258636
790,44162.31520563498,1752.8791415348194,33159898.70928363,25953686.991258636
791,45253.19111298736,3057.0705348248785,114041417.75472836,25953686.991258636
792,44440.094582172875,2095.1930662393424,53176498.53272582,25953686.991258636
793,44663.46878343945,2131.2397046366555,48020476.165423475,25953686.991258636
794,44324.28066165489,2063.401333225752,57519465.63381307,25953686.991258636
795,44124.98212604071,1953.73167573914,49006641.913024515,25953686.991258636
796,44532.27126193025,2024.9579728434378,44966094.54562436,25953686.991258636
797,45234.56292563554,2900.185701593301,101548857.08756374,25953686.991258636
798,45230.80731138739,2863.413518515284,93674381.47251366,25953686.991258636
799,45506.578731234345,2915.678133686367,93692645.19161275,25953686.991258636
800,44378.48765424596,1964.937708241529,48383051.79747641,25953686.991258636
801,45297.422397487644,2853.484195509899,90049434.43641433,25953686.991258636
802,44124.98212604071,1955.809658003158,48030474.28694157,25953686.991258636
803,44318.50118472474,2140.8832370971368,63612979.97481167,25953686.991258632
804,45492.21117355673,2868.54134942727,95810741.92641094,25953686.991258632
805,44317.24476787662,1948.387804782118,46125002.324264705,25953686.991258632
806,44326.37674342778,2041.691393536926,51861956.841934934,25953686.991258632
807,45724.16761392036,3127.29606090982,112538306.25913982,25953686.991258632
808,44206.917756309325,1789.4612659887166,32763533.641821027,25953686.991258632
809,44203.07614746761,1837.0609491728112,37971283.51204137,25953686.991258632
810,44191.68800976219,1980.0307007713113,47859399.44156303,25953686.991258632
811,44284.292544322365,2084.6538015633364,51583509.464601085,25953686.991258632
812,44208.11058937344,1878.8744424038935,41997276.83748897,25953686.991258632
813,44308.29806787225,1924.9535512128205,43990239.38418271,25953686.991258632
814,44179.424704794576,1927.7828434657429,43687826.57424491,25953686.991258632
815,44223.049968184714,1812.658807844867,32328710.03630335,25953686.991258632
816,44147.26498095838,1797.4427423826396,33607746.38826374,25953686.991258632
817,45477.51296576242,2999.617835547571,100378957.74198695,25953686.991258632
818,44289.99491650549,1966.4686837447655,50805167.337445065,25953686.991258632
819,45368.53774414091,2809.7319141677913,90234988.21387516,25953686.991258632
820,44179.17129145292,1869.3215239008161,39778266.66581507,25953686.991258632
821,44516.38012437739,2027.1244346706221,45768854.31213697,25953686.991258632
822,44124.98212604071,1872.806633237109,40641026.24595522,25953686.991258632
823,44502.20876502352,2018.319452434763,43738684.40672424,25953686.991258632
824,44438.740295217794,2063.4494978341622,53461948.81626737,25953686.991258632
825,45529.765979528296,2941.115034254699,100199544.86275302,25953686.991258632
826,45224.0978873897,2881.072591407296,98858493.02324185,25953686.991258632
827,44269.461842562356,1844.0031570763083,35764684.2239548,25953686.991258632
828,44324.838577422444,1901.787598766038,39220663.4906587,25953686.991258632
829,44241.824749487714,1858.8678561933334,39810410.94111408,25953686.991258632
830,45314.65025016915,2885.1904320094086,94002542.90797064,25953686.991258632
831,44294.91987595362,1775.5681218918496,30780899.242777746,25953686.991258632
832,45378.086098640735,2777.392350744845,87959494.24122727,25953686.991258632
833,44220.3047312874,2022.3700213869456,54265334.21920252,25953686.991258632
834,45320.33002120296,3039.394573755116,113504751.57492487,25953686.991258632
835,44186.414982083246,1768.4083674463113,33807780.287399694,25953686.991258632
836,44194.696065258104,1894.199567223155,41662486.01598219,25953686.991258632
837,44293.46656461986,1872.0632689122517,40673705.76151296,25953686.991258632
838,45451.70798920572,2997.056236678618,96270621.7330857,25953686.991258632
839,44340.61566458058,1971.5163690212444,47281572.59275587,25953686.991258632
840,44305.36214426014,1863.144556850176,39393036.18776593,25953686.991258632
841,44173.45657567035,1963.3682115661406,52306222.57147889,25953686.991258632
842,44219.029329169825,1828.8444135178415,33545667.079980265,25953686.991258632
843,44300.42784302497,1820.500842008197,32827619.12315019,25953686.991258632
844,45285.86020371049,2815.2518441645066,88389606.31771438,25953686.991258632
845,44463.2360937863,2012.3845280493892,46916145.54136639,25953686.991258632
846,44391.74551207424,1887.8579864647909,33929219.866058275,25953686.991258632
847,44145.89714774395,1884.7925944029107,40210738.04721488,25953686.991258632
848,44208.920315968484,1836.9155591765102,36790385.39473122,25953686.991258632
849,44388.575767102906,1858.9995792608836,36632794.73641661,25953686.991258632
850,44568.14121835935,2054.593029525766,50048457.990745224,25953686.991258632
851,45406.75159921195,3000.9194549963768,107021691.17426142,25953686.991258632
852,44375.491120249746,1880.0445395983982,38020301.77451263,25953686.991258632
853,45203.26311376045,2804.3307099660233,88471503.10935347,25953686.991258632
854,45386.853194556395,2981.821892201987,106014457.17277315,25953686.991258632
855,44189.543974960565,1755.4753179194715,35788430.843561694,25953686.991258632
856,45325.987022742585,2864.342992808412,93183272.74427639,25953686.991258632
857,44212.59507197395,1985.1565687773013,46404378.63938503,25953686.991258632
858,45330.52866811791,2849.283373366584,93353170.22654971,25953686.991258632
859,44258.77562131153,1851.056465693776,36500931.58441695,25953686.991258632
860,44329.04320224329,1941.6964384258408,45309508.7521553,25953686.991258632
861,44242.2000252102,1913.893723114155,45448928.09363159,25953686.991258632
862,45422.42632403688,3101.7103929251316,109043929.13294044,25953686.991258632
863,45248.42043136724,2924.4014570806953,101612367.6438393,25953686.991258632
864,45368.877367681795,2943.9330421569493,102489358.72864072,25953686.991258632
865,44340.420142056886,2016.9898101206559,49296544.97636173,25953686.991258632
866,44371.5045005828,1918.7247687157524,39918021.57316878,25953686.991258632
867,44274.0707602925,1871.9502166229418,37710407.935899474,25953686.991258632
868,44224.513246670125,1921.9997637471974,42819580.742155276,25872532.580083933
869,44053.271308533156,1843.6916636094913,39118843.6802784,25872532.580083933
870,44112.67513538951,1862.6953668634087,35308277.51681228,25872532.580083933
871,44172.587091182424,1840.8988863516538,33706274.866430216,25872532.580083933
872,44358.98786704482,1967.2203516683373,46030787.029129684,25872532.580083933
873,44031.190915098225,1845.788382863863,38178765.541543745,25872532.580083933
874,45164.31674013511,2925.5791145845087,95173099.51293296,25872532.580083933
875,44170.43291819288,1985.9054653190753,49560424.970482685,25872532.580083933
876,45106.479864903864,2780.958476485638,90321138.77369344,25872532.580083933
877,44098.95167603474,1868.4308732295108,41722219.12268716,25872532.580083933
878,43988.7205830996,1824.7098814591318,35662518.85776537,25872532.580083933
879,44265.16205436091,1960.0176638598568,41703612.684989266,25872532.580083933
880,44245.78591665662,1978.0090564721315,46423407.89712826,25872532.580083933
881,44158.27501029178,1911.9879137885218,40286279.73473919,25872532.580083933
882,43987.008013008555,1971.7307797987341,51235955.260400794,25872532.580083933
883,45264.08464087668,2806.1556235638086,90763149.52340606,25872532.580083933
884,44039.54379505581,1832.3149229589994,39673200.680761956,25872532.580083933
885,45326.577199913154,3034.2915558315253,106420302.07564068,25872532.580083933
886,44231.35371145908,2084.1364723646357,62020332.825468265,25872532.580083933
887,44071.04687615762,1954.2711649181842,45808581.69578647,25872532.580083933
888,44239.88640531595,2019.3807175218135,46601180.11628232,25872532.580083933
889,44167.51731340721,1938.5740569935,44029762.73523008,25872532.580083933
890,44042.682457378876,1844.3523248872402,38523824.15917506,25872532.580083933
891,44060.17916794426,1840.0639461152696,37219203.12358233,25872532.580083933
892,44051.17334011046,1924.5926921090795,48110430.07442616,25872532.580083933
893,44065.95674598209,1879.233336407045,38897734.89661574,25872532.580083933
894,43987.008013008555,1782.5179819100672,35618386.92187713,25872532.580083933
895,44185.3094938748,1816.7607465011654,32847329.653865557,25872532.580083933
896,44094.99980710997,1875.7262234625691,41721310.06943698,25872532.580083933
897,45278.69641866609,2931.192163942088,100750636.7867598,25872532.580083933
898,44079.55802940308,1783.0849961961437,28913439.16195033,25872532.580083933
899,44064.839857760366,1864.245741982073,38539123.51416167,25872532.580083933
900,44212.21430084784,2003.257006067386,51706013.162149794,25872532.580083933
901,44112.34444145835,1962.3432362952924,50609344.5350427,25872532.580083933
902,44091.9834152102,1835.7744385255678,35980617.15965538,25872532.580083933
903,44209.18992371248,1961.193429548029,46045144.494861245,25872532.580083933
904,44242.48058259756,2076.658194973591,53350452.428501554,25872532.580083933
905,44192.96545056354,1972.5992212670626,44787218.31972594,25872532.580083933
906,44160.69254109325,2069.244170001838,56809669.39207268,25872532.580083933
907,44143.09225572246,1845.2524862596977,31776023.737728007,25872532.580083933
908,44110.69742503984,1862.2251767741425,39463147.47467533,25872532.580083933
909,43979.60274003104,1786.6588462002267,31985791.491408687,25872532.580083933
910,43987.008013008555,1715.879477188208,25872532.58008394,25872532.580083933
911,44254.55544051935,1904.9279146515637,36470203.88309361,25872532.580083933
912,44268.641540712924,2096.000230632999,51892758.52433514,25872532.580083933
913,44072.20646469758,1881.2781915198698,47098111.69932852,25872532.580083933
914,45054.16869697606,2925.732668969491,102391597.6882463,25872532.580083933
915,44024.220007124255,1800.332712514716,33423351.398029916,25872532.580083933
916,45237.46945960566,2834.21236192102,90016684.7890375,25872532.580083933
917,44232.09113073397,2104.451593162304,55783417.56202777,25872532.580083933
918,44151.19357682769,2047.4449899213118,57168419.54773094,25872532.580083933
919,44137.72004200205,1900.037773597284,42184552.807250485,25872532.580083933
920,45053.200492227545,3075.9820923641473,115780560.19933638,25872532.580083933
921,43993.943066283704,1955.0649715165478,49772917.307316765,25872532.580083933
922,44108.99199166654,1929.036599298345,47015985.05184466,25872532.580083933
923,43987.008013008555,1742.2751118362207,29070466.427239507,25872532.580083933
924,43987.008013008555,1901.7739710333894,46001728.477269635,25872532.580083933
925,45326.682288022486,2997.9772423840186,102149795.43205643,25872532.580083933
926,44166.43041452187,1991.7489108269906,43617091.41517762,25872532.580083933
927,44348.231318605154,1899.11927666177,38316912.10252938,25872532.580083933
928,44164.07690267607,1908.47398062887,40747371.60536516,25872532.580083933
929,44055.64044707187,1806.7954785438262,34665782.81428419,25872532.580083933
930,45156.87595974856,2867.205264629007,96127145.65331337,25872532.580083933
931,44124.34893085982,2024.0256697757843,50418623.58375792,25872532.580083933
932,44169.04938236311,1954.3766933458126,46332044.16853634,25872532.580083933
933,44195.01826156328,1885.2325657177994,41552218.70773476,25872532.580083933
934,44030.96197627408,1830.4354659518299,36428142.167260185,25872532.580083933
935,44127.6634466064,1840.2978160174848,38170321.57407508,25872532.580083933
936,44110.88138140044,1887.717211054247,42275246.09732577,25872532.580083933
937,44117.07330311441,1865.7836912086561,39651779.97513014,25872532.580083933
938,44115.480138094645,1909.0129096802016,46668812.36502291,25872532.580083933
939,44096.78139252727,1976.9432578091642,48963255.928695425,25872532.580083933
940,45215.687513857985,2954.3343297486385,106294820.72912166,25872532.580083933
941,44249.22152685511,1954.4718229945502,40887577.53050272,25872532.580083933
942,44148.41276859756,2039.888690850484,52018986.2460228,25872532.580083933
943,44243.39790298511,1822.8677324725122,33671761.2971133,25872532.580083933
944,45195.058442057336,2963.738412939044,101789998.24645148,25872532.580083933
945,44293.092251225804,1998.0327865977047,50223085.12077661,25872532.580083933
946,44038.78663360921,1947.7380416706383,43322610.629899584,25872532.580083933
947,46218.49343311498,3878.1450257230563,156796974.30938154,25872532.580083933
948,43987.008013008555,1800.2911619778038,33030719.81773749,25872532.580083933
949,45186.29692134927,2703.4909688175494,86462419.45894817,25872532.580083933
950,44398.05646742781,2121.671729909022,55967223.358351216,25872532.580083933
951,45300.240786226175,2932.1710129961543,100359127.47070411,25872532.580083933
952,45340.92343317006,2984.102573184502,101039198.35528997,25872532.580083933
953,44293.02801839856,1943.5221557990365,43860600.21876379,25872532.580083933
954,45055.20005906924,2904.653430853704,98983363.00270559,25872532.580083933
955,46241.98583915246,4039.079147627296,158542883.341124,25872532.580083933
956,44106.29446010607,1871.2261096574598,38400111.95538917,25872532.580083933
957,45131.08571113196,2858.289115749701,96522317.97889347,25872532.580083933
958,44087.91051868729,1951.1082918070665,44753020.983176835,25872532.580083933
959,44054.61969029457,1795.9038832859962,35526669.40208294,25872532.580083933
960,44070.56277668166,1972.3085095611175,49987124.29499249,25872532.580083933
961,45062.60533204675,2946.8455738500143,102672565.79366243,25872532.580083933
962,44017.54397711239,1755.7665802413878,29681876.57592299,25872532.580083933
963,44234.17904089489,1914.425197777861,40675563.02018198,25872532.580083933
964,44116.922861575316,2086.2840251312723,62953105.760441504,25872532.580083933
965,44299.620418462655,1987.4119322116658,46305299.50344234,25872532.580083933
966,44283.438585114745,1946.9011154092345,44089097.79295188,25872532.580083933
967,44050.66753155878,1942.4794042419976,48511793.81541228,25872532.580083933
968,44168.02314063714,1791.1465780327321,29703901.100093383,25872532.580083933
969,44020.70574679604,1922.9022311605681,43168225.97763428,25872532.580083933
970,44036.32882154718,1743.7360080051444,29138381.825632315,25872532.580083933
971,44215.15618724706,1822.901503012333,32842338.63174777,25872532.580083933
972,44133.19815110149,1880.7096860488869,40470168.48787809,25872532.580083933
973,44068.707808081075,1897.9572531850615,45594776.665672496,25872532.580083933
974,44085.05749569957,1953.6291473227443,44059111.991110146,25872532.580083933
975,44212.52213321012,1874.7962288392423,39935693.607205786,25872532.580083933
976,44050.747439699204,1910.316196301451,44107479.17217281,25872532.580083933
977,45109.84062456966,3022.490543049768,107964375.92994078,25872532.580083933
978,45056.11357260775,2825.489347979508,97273972.19539979,25872532.580083933
979,45201.79904926321,2971.2983108527437,104078607.41474007,25872532.580083933
980,44124.771138262404,1953.918152959767,46675038.28142384,25872532.580083933
981,44048.888207064956,1854.465050302933,43687725.03557962,25872532.580083933
982,44158.041768734845,1909.6114997575455,40654984.9715418,25872532.580083933
983,44134.87835070445,1948.5490463532096,41867918.82207843,25872532.580083933
984,44006.58444824062,1834.328215199436,37600071.74257792,25872532.580083933
985,44082.79934372611,1889.2611016343842,38847517.87495591,25872532.580083933
986,44172.51356727472,2007.3295510340754,48870872.29009585,25872532.580083933
987,44080.021902526685,1787.055018530494,31116625.344094533,25872532.580083933
988,44169.989646783055,1848.7100930931945,40585448.572795354,25872532.580083933
989,45080.865596239964,2892.4064414000613,97788093.1313098,25872532.580083933
990,44154.37813003203,2009.5037119164524,49177543.61550192,25872532.580083933
991,44164.08353450373,1905.600955834981,41533320.6410492,25872532.580083933
992,44219.56873704563,1897.709288130965,39738001.598726556,25872532.580083933
993,44092.39445300521,1872.5689835285273,39192303.04841222,25872532.580083933
994,45107.36692272447,2851.7653739788125,92295368.82633157,25872532.580083933
995,44085.975681287644,1846.2969981745596,36417511.32094637,25872532.580083933
996,44068.934136524316,1768.6595650192726,32257731.342616864,25872532.580083933
997,44045.728340162146,1834.7128539198934,37773187.982201636,25872532.580083933
998,44201.7824581708,1952.5853972789214,46095838.389637806,25872532.580083933
999,44127.00896557586,1943.8485597848394,43480401.7300924,25872532.580083933
1000,45043.778231564116,2944.7377844215725,103144708.57405291,25872532.580083933
1001,43987.008013008555,1772.183238546973,33027007.707452856,25872532.580083933
1002,44117.04882793843,1960.6704551891266,46676893.66936296,25872532.580083933
1003,43994.80354304686,1843.5209979444298,38323271.22403638,25872532.580083933
1004,44343.44659003809,1889.998379798849,40381309.180107616,25872532.580083933
1005,44280.18187799566,1853.0262293905057,32169270.776375514,25872532.580083933
1006,44250.048938076885,2025.8305957875364,45902508.31548229,25872532.580083933
1007,45182.79093995077,2903.4879643698414,98760945.65084732,25872532.580083933
1008,44058.86451627714,1784.1563970480238,36341183.66286513,25872532.580083933
1009,44135.487818845155,1933.7706631853675,43157869.25440168,25872532.580083933
1010,44198.25951222015,1865.484908666939,33433035.10486688,25872532.580083933
1011,44084.99706073098,1802.2905445357615,34277868.80990259,25872532.580083933
1012,43999.103981894885,1724.5335387569291,28297182.386921156,25872532.580083933
1013,44195.1865468577,1962.4621974500994,44376842.06606266,25872532.580083933
1014,44071.17390211873,1778.6567148276022,30724896.037818808,25872532.580083933
1015,45274.53179602268,2991.26494014258,103775688.82067975,25872532.580083933
1016,44046.60275526247,1906.4946909807604,41760266.0693851,25872532.580083933
1017,45088.72794795278,2799.6975120757515,91145985.59711818,25872532.580083933
1018,44119.84017188735,2017.7978230629446,55331278.83671568,25872532.580083933
1019,44142.69360045883,1936.2483829297294,41759032.20800646,25872532.580083933
1020,45339.98416050781,2948.049000249678,101861106.73652276,25872532.580083933
1021,44306.509189564626,2084.235110976403,53980992.78968867,25872532.580083933
1022,44072.66529974652,2031.1803375156574,54365592.557108805,25872532.580083933
1023,45062.60533204675,2781.259298504035,90517495.66313727,25872532.580083933
1024,44089.92651609455,1861.0960499859407,40217570.833975144,25872532.580083933
1025,44184.09189988528,1890.1748601448267,37896628.773764595,25872532.580083933
1026,44397.45053487872,2235.0954629983835,59047611.97970591,25872532.580083933
1027,44001.01774229683,1860.231337081478,42683369.31445588,25872532.580083933
1028,44079.574040935535,1876.9858910094758,41744612.03614632,25872532.580083933
1029,45199.26660430915,3002.7858310054617,110249224.61823031,25872532.580083933
1030,44180.88710184104,1853.511837153636,32178268.12101105,25872532.580083933
1031,44365.879314064754,2087.466163195849,48513558.25571184,25872532.580083933
1032,44158.72717717363,2008.775431083591,51658021.53361074,25872532.580083933
1033,44082.77532781458,1935.424168084762,45829128.95129629,25872532.580083933
1034,44035.169372918186,1824.488012596184,40663621.37916518,25872532.580083933
1035,44092.5834311891,1823.5775437663506,37469129.88679917,25872532.580083933
1036,44025.11858300369,2059.2384134054923,53147757.41764875,25872532.580083933
1037,43987.008013008555,2078.209339511473,61224093.731107175,25872532.580083933
1038,44296.1624095878,2046.8593370436215,48973394.51767389,25872532.580083933
1039,43987.008013008555,1953.3125801587878,47780277.140788265,25872532.580083933
1040,44052.90702791612,1911.4309685097567,43400112.04923353,25872532.580083933
1041,44069.9006642805,1882.1826952829374,40149942.7709485,25872532.580083933
1042,45256.21352188578,2982.352340028506,105252820.71726345,25872532.580083933
1043,44042.89074023889,1859.7927661717597,41086153.012570776,25872532.580083933
1044,44170.5367122154,1861.4609251291135,37376803.64739988,25872532.580083933
1045,44155.61105164495,1996.207277926273,49054726.39499135,25872532.580083933
1046,45176.57889345351,3022.3446362844393,109620914.8971266,25872532.580083933
1047,43987.008013008555,1800.8081386346869,36355611.16255116,25872532.580083933
1048,44191.50576348497,1849.9310397027816,36756336.026308894,25872532.580083933
1049,44142.36602009664,1865.1859080839417,38583741.676336095,25872532.580083933
1050,44160.501842428275,1846.7564614503585,34172531.53153311,25872532.580083933
1051,44066.69229766378,1895.7651296509944,42834518.51464974,25872532.580083933
1052,44085.89141534994,1964.0193304359132,46759099.2365011,25872532.580083933
1053,44086.733598528815,1881.983085623804,36015399.98616232,25872532.580083933
1054,44113.185385663164,1980.7015771181614,52305017.51082088,25872532.580083933
1055,44216.44913092644,1997.2807150981982,46080532.98633556,25872532.580083933
1056,43987.008013008555,1815.033504961399,38912504.945474714,25872532.580083933
1057,44089.22124905666,1821.1265075918168,35875973.843635485,25872532.580083933
1058,45167.76892086382,2997.7739923801714,108834128.63713558,25872532.580083933
1059,44392.555838736596,2110.148721668166,56335574.4051077,25872532.580083933
1060,44345.7811287203,2052.2933356659696,48752093.46467467,25872532.580083933
1061,44074.28079127213,1850.4493866150144,36153864.33736674,25872532.580083933
1062,44056.84400315221,1887.3201567361182,42442506.280166395,25872532.580083933
1063,44073.93382411657,2144.316924836091,64063457.31663642,25872532.580083933
1064,43994.80354304686,1910.4066573421474,43409257.71185778,25872532.580083933
1065,43987.008013008555,1760.1672952961121,30461593.461008407,25872532.580083933
1066,44271.85737736178,1955.5015340608377,44468475.61345227,25872532.580083933
1067,44187.970916146936,1971.2320128552935,47152351.46747957,25872532.580083933
1068,45315.681742452296,2925.7355104585504,94397176.50291038,25872532.580083933
1069,44014.573264175386,1966.5008943670796,47866329.39328148,25872532.580083933
1070,43987.008013008555,1899.4150788748284,45094387.178866245,25872532.580083933
1071,43987.008013008555,1785.5703132142007,32945685.307774115,25872532.580083933
1072,44177.74914889031,1919.9546935480794,40574128.03627526,25872532.580083933
1073,44383.194791723516,1981.5662549219105,47856335.24613888,25872532.580083933
1074,44149.00767500922,1977.6800498501184,44312542.09426134,25872532.580083933
1075,44059.45654011185,1862.4991705257657,41714172.43273864,25872532.580083933
1076,43987.008013008555,1870.233734243482,40436661.27973769,25872532.580083933
1077,45285.826430127476,2890.9027330072367,97696155.75595546,25872532.580083933
1078,44079.58046621317,1882.4308216099212,40868485.58489718,25872532.580083933
1079,44186.745207788794,1854.6877513236225,37675516.92558729,25872532.580083933
1080,45205.37008596831,2874.9352329654002,98185547.64272156,25872532.580083933
1081,44083.75065020875,1864.8743565897119,41367313.922782734,25872532.580083933
1082,44158.760102087304,1930.7739626928862,44823883.77109258,25872532.580083933
1083,44130.54551443308,1942.3147368084726,43805751.07144402,25839729.45560396
1084,45277.253264647814,2982.4169088010694,98593828.5405897,25839729.45560396
1085,44097.714598035884,1863.421611998577,37272553.02780174,25839729.45560396
1086,43939.131472083434,1806.0551523740498,33824175.23477496,25839729.45560396
1087,44190.497055951506,1937.166600532169,45943431.733347885,25839729.45560396
1088,46150.15683425797,3820.539015275134,153386391.3151393,25839729.45560396
1089,44050.93269577976,1868.9901182842736,42118672.08620981,25839729.45560396
1090,44373.1201600478,2085.375696395498,49950483.23505691,25839729.45560396
1091,43931.23800692639,1741.791502544517,32253324.507810324,25839729.45560396
1092,45099.186371598684,3091.577202480549,113505370.17572138,25839729.45560396
1093,46204.419088799186,3865.02560568301,152666343.1814872,25839729.45560396
1094,44065.89553542754,1902.2146006066203,37987568.825566664,25839729.45560396
1095,45203.16908288295,2832.251020776687,93016245.72500911,25839729.45560396
1096,44129.21143989289,1942.2324352289816,42147652.11755754,25839729.45560396
1097,45057.931977514076,2933.6658564575246,103693252.01500538,25839729.45560396
1098,44998.28439194166,2782.2564286630363,88758594.60962458,25839729.45560396
1099,45134.145779988576,2903.645976132405,100818268.58363256,25839729.45560396
1100,44022.88403618075,1969.8440529855125,53503971.86594736,25839729.45560396
1101,45209.807520530296,2860.0477211486736,97262398.15774143,25839729.45560396
1102,44123.904709702525,1853.2386364129918,36852990.98330062,25839729.45560396
1103,44036.70205367511,2049.5783261510283,56159461.974447705,25839729.45560396
1104,43931.23800692639,1843.3456576224228,36696968.743184835,25839729.45560396
1105,46064.03802246882,3921.144975794204,154871647.09836227,25839729.45560396
1106,44016.0005355169,1907.2677782687194,42308387.604478754,25839729.45560396
1107,45141.72618414252,3049.6293555080083,111080427.76720981,25839729.45560396
1108,44362.567538959986,1988.4861603265358,43581940.494040824,25839729.45560396
1109,43931.23800692639,1915.006016079174,43030301.28614323,25839729.45560396
1110,43931.23800692639,1854.253127103718,39620910.64272902,25839729.45560396
1111,45280.99823592359,2979.463746278228,99998672.11643092,25839729.45560396
1112,45219.94700163573,3020.0876289620687,103839758.76449695,25839729.45560396
1113,43984.039100225025,1940.682483637566,47322099.4185615,25839729.45560396
1114,44047.35830014596,1933.4756815372384,43623059.28965125,25839729.45560396
1115,43963.75008025761,1773.4942020695241,31753058.785548467,25839729.45560396
1116,44138.78332309278,2122.908142285407,54098284.99134733,25784937.027070377
1117,43898.25169265947,1893.874606733733,43629596.01519785,25784937.027070377
1118,45133.80735463831,2981.3582017868603,104471179.6217765,25784937.027070377
1119,44030.91884275988,2048.860745642233,55388033.32612046,25784937.027070377
1120,43896.55136271223,2005.7476129921372,48888445.48491353,25784937.027070377
1121,46227.982555783725,4077.378709000547,167304502.44275165,25784937.027070377
1122,44076.022202772336,2008.8980967468094,47442799.739885174,25784937.027070377
1123,43929.37090333924,1966.1122541503428,49088414.47269507,25784937.027070377
1124,43838.08303705636,1781.3863656490419,33600226.44046431,25784937.027070377
1125,43845.098682533535,1886.46567062653,43961145.928047374,25784937.027070377
1126,44958.25170696376,2788.0277492265723,88020093.9353497,25784937.027070377
1127,44042.87310754526,1792.3917838526675,32137256.845611304,25784937.027070377
1128,44110.53548364264,1858.9545102337656,35022760.502195,25784937.027070377
1129,44927.79768310039,2895.4832883905838,98680544.17245473,25784937.027070377
1130,44053.112824784046,2085.2098193271713,55948959.954890326,25784937.027070377
1131,44998.26989888995,3042.547823867597,108635665.47028978,25784937.027070377
1132,43877.93261742379,1941.7304569420344,47857258.148184486,25784937.027070377
1133,44898.61700929531,2817.88263435687,94957147.67555818,25784937.027070377
1134,44057.905572593445,1916.3714132714522,42305896.352962725,25784937.027070377
1135,43965.19327825217,1941.2638625841585,42998579.78772862,25784937.027070377
1136,43968.664254564595,1950.4557079570368,45426291.217292495,25784937.027070377
1137,44959.24602107615,3025.446638315655,114176712.67651483,25784937.027070377
1138,43838.08303705636,1959.798659256779,52041676.32037862,25784937.027070377
1139,43887.308441820845,1945.630410234072,48666244.43758683,25784937.027070377
1140,43943.86675585158,1875.2706161739977,41300224.17600224,25784937.027070377
1141,43838.083037056356,1740.6370966976538,34196798.4841762,25784937.027070373
1142,45002.49180548916,2842.7708049433054,91615700.2055456,25784937.027070373
1143,44017.026038736316,1967.3388103875109,46449278.737155914,25784937.027070373
1144,46215.6158224344,4011.931487764056,165544998.88294807,25784937.027070373
1145,43988.98412253277,2071.115475205768,54592821.32908783,25784937.027070373
1146,44006.04306458954,1964.4193736979444,44791147.474046424,25784937.027070373
1147,43923.70222941962,2045.247240385416,57992246.680203214,25784937.027070373
1148,44137.88275952016,1914.211768850872,43863824.20356117,25784937.027070373
1149,43993.59242128871,2018.1972440413733,52442435.87191126,25784937.027070373
1150,44951.806241716826,2900.1745873874415,99722427.58390659,25784937.027070373
1151,44145.13107932438,2042.6862269311473,49623349.58222653,25784937.027070373
1152,44981.48853703346,2899.763765966859,98512778.91227168,25784937.027070373
1153,44025.36069055346,2026.5909001728319,49577359.430973336,25784937.027070373
1154,43926.29377132455,1882.2531585912889,41417319.21657381,25784937.027070373
1155,43880.234717754516,1774.370910855904,34202420.11454971,25784937.027070373
1156,44091.399275477335,1907.8647511672873,41586432.007446215,25784937.027070373
1157,43868.877785709476,1866.6686554045748,47359768.17964037,25784937.027070373
1158,43838.083037056356,1895.4465925545005,48410020.65920834,25784937.027070373
1159,44047.5178073631,1960.6630797261216,43690821.05202005,25784937.027070373
1160,45071.88283130232,3079.9520249300713,108444713.5169687,25784937.027070373
1161,45107.96176855874,2868.3755045953526,89658520.71937448,25784937.027070373
1162,45119.68042433724,3066.2154501366354,111137829.63191593,25712403.26554832
1163,43950.903385298545,1849.3694109986395,36494754.00843363,25712403.265548315
1164,43944.14270426608,2015.8231497927172,46939062.863089845,25712403.265548315
1165,43776.19811818031,1825.8934323385067,35624320.11189101,25712403.265548315
1166,44031.67683031598,1949.3304932479673,41835499.66958878,25712403.265548315
1167,44144.81744504607,1972.4712318531674,45615611.13863434,25712403.265548315
1168,43809.60311259386,1974.1420514513059,48005571.12287481,25712403.265548315
1169,43890.11857182797,2026.5416513618184,49958408.146663904,25712403.265548315
1170,44854.58276407684,2891.123931119864,97828654.4240791,25712403.265548315
1171,43864.08844960444,1966.0519652459486,47485297.81417798,25712403.265548315
1172,43791.38597887968,1949.8556608200088,45835591.65448379,25712403.265548315
1173,43949.339011460506,2076.6158247464473,58139239.933981895,25712403.265548315
1174,43831.86259913027,1928.4294832877506,42698187.877105735,25712403.265548315
1175,43775.28316488053,1758.0648115002284,29856243.672067035,25712403.265548315
1176,43782.00019441223,1808.461031118797,35298668.9503995,25712403.265548315
1177,43724.05925760594,1865.468203883632,38083811.8601114,25712403.265548315
1178,45117.01927242878,2936.641719826863,97816904.74312678,25712403.265548315
1179,44106.65346930952,2036.3000264401799,47571394.11252029,25712403.265548315
1180,43714.76526213777,1921.9503394749731,45874278.469829306,25712403.265548315
1181,43860.90101598232,1962.9912670734132,46697052.42804496,25712403.265548315
1182,44928.118604022835,2911.8948450746047,97842055.05775416,25712403.265548315
1183,43891.000497635934,1895.3729937292148,41436357.62457073,25712403.265548315
1184,44041.91003946213,2093.495596095133,59324376.490865804,25712403.265548315
1185,43821.29542319756,1972.0566211953296,48340363.95345918,25712403.265548315
1186,43767.30104418504,1917.2125082417435,47197786.88332172,25712403.265548315
1187,43999.57917539154,2103.666200973756,55585659.54351302,25712403.265548315
1188,43748.2611728171,2067.8512151954283,54891903.4939851,25712403.265548315
1189,43689.30314874018,2046.12487368966,58497123.8773306,25712403.265548315
1190,43900.10989142033,1968.6463644469447,48444785.693853356,25712403.265548315
1191,43767.495267893966,1922.87952448664,42828112.32062029,25712403.265548315
1192,44850.0895053001,2986.787748636344,104383532.03961067,25712403.265548315
1193,44078.81085963496,2111.950840830089,63889569.4444942,25712403.265548315
1194,43903.31901153934,2068.860322164171,52006557.51053208,25712403.265548315
1195,43714.76526213777,1857.1169900546397,43430188.5899309,25712403.265548315
1196,43714.76526213777,1812.244632203694,33844728.98228974,25712403.265548315
1197,43714.76526213777,1949.445272274562,50301659.91903548,25712403.265548315
1198,43801.567729932736,2006.6361913976161,51370086.70335345,25712403.265548315
1199,44004.50659172914,1916.170776132786,41552389.63067666,25712403.265548315
1200,44960.94392587313,2854.293880978056,88908081.38094877,25712403.265548315
1201,45066.3910953652,2856.947146192285,94115094.20508623,25712403.265548315
1202,44835.12532508957,2895.328799729431,99601464.96845576,25712403.265548315
1203,44036.647580588535,2088.3962196504444,57814083.799953595,25712403.265548315
1204,43864.223031974165,2060.865580131598,51778054.00423658,25712403.265548315
1205,43886.10674095042,1947.2043435869357,43994123.577485904,25712403.265548315
1206,43753.912327289756,1890.380406199592,42763161.682014264,25712403.265548315
1207,43906.75871137885,1978.8492111494022,49868307.98946,25712403.265548315
1208,43831.420008295434,1862.6910498700167,41357770.44407537,25712403.265548315
1209,43974.585262147215,1925.2335258052087,41241647.51086956,25712403.265548315
1210,43818.79879942178,2031.097904702156,54819891.15102105,25712403.265548315
1211,44956.1849812608,2918.0789023278935,97001543.50752515,25712403.265548315
1212,43714.76526213777,2074.90404219741,57370009.34446671,25712403.265548315
1213,43760.897735687264,2035.9252384250435,53451375.62837972,25652041.287270818
1214,43612.14126064295,1877.5735358579564,40760610.53387563,25652041.287270818
1215,43687.49071450181,1947.9618107940448,45388613.71019829,25652041.287270818
1216,44962.53321453891,3149.451560958968,113395124.04683165,25652041.287270818
1217,44957.81272531521,3017.82432007973,104409831.89283861,25652041.287270818
1218,44788.42842044313,2978.4642151468906,100888042.76388544,25652041.287270818
1219,43714.644514715605,1861.4453534018248,38659184.2368853,25652041.287270818
1220,44815.749021591924,2867.759196249502,94282136.91160376,25652041.287270814
1221,44779.08941399001,2805.7601374530536,90703793.0620552,25652041.287270814
1222,43780.65049297468,1900.148397204704,38442413.1475366,25652041.287270814
1223,43643.38470947802,1888.1559310246387,43663310.68699252,25652041.287270814
1224,43662.52619457139,1914.5214092253075,40599793.071420275,25652041.287270814
1225,43972.25602283288,1963.2796082711616,42839262.95974585,25652041.287270814
1226,43622.18887590019,1805.6500822402227,35399532.701690346,25652041.287270814
1227,43802.729141070566,1973.1985256029911,53554781.71646867,25652041.287270814
1228,43605.66616116654,2002.7606032437754,55390414.758529805,25652041.287270814
1229,43664.677042690215,1915.2068259718696,45507545.42971419,25652041.287270814
1230,44924.29425792322,2972.5770630596035,103417797.86716197,25652041.287270814
1231,43641.88295618386,1847.8247178583783,39185282.88747559,25652041.287270814
1232,43772.52553959096,1864.679281442576,41380748.12502802,25652041.287270814
1233,43861.21058366444,1843.1052692644403,36020265.94594227,25652041.287270814
1234,44087.00208611831,2089.4777910158286,58543852.61219187,25652041.287270814
1235,44825.16765450495,2964.603513925255,103371750.59108995,25652041.287270814
1236,45004.91956185142,2747.861699306338,89596714.59964363,25563545.419223163
1237,43528.53461961824,1883.2447359224886,39360388.14798759,25563545.419223163
1238,43700.9396519206,1840.3217437718006,31205959.248497833,25563545.419223163
1239,43610.69763563715,1957.6233199328756,44873799.32233928,25563545.419223163
1240,43576.92933826696,1830.1600287220965,36600607.5100034,25563545.419223163
1241,43765.87916356461,1874.3851869494815,42896287.72329889,25563545.419223163
1242,43805.8379419901,2200.645485353317,64057826.74985699,25563545.419223163
1243,43586.33890076327,1916.6327386216333,41063486.824006274,25563545.419223163
1244,44716.15589807644,2899.0867547521348,96967014.12766716,25563545.419223163
1245,43507.34998486329,1882.2141868703352,42112728.75311335,25563545.419223163
1246,44789.49542295557,3117.3135913071087,112447609.05933705,25563545.41922316
1247,43757.11898892021,2012.7688143641074,48164877.34171325,25563545.41922316
1248,43678.008007337114,1978.7229736298395,46452371.980756305,25563545.41922316
1249,44699.051163461634,2993.541826754926,100864152.77522022,25563545.41922316
1250,43941.38475714914,2044.7600591304606,45442602.49710135,25563545.41922316
1251,43580.10374364542,1923.869598973533,43927693.760804325,25563545.41922316
1252,43509.27226299164,1961.60894562382,50331046.86045082,25563545.41922316
1253,43733.70999761341,2103.761883642702,52068707.429197535,25563545.41922316
1254,43749.74392101441,2007.9065637627232,53559778.78906946,25563545.41922316
1255,43488.23077442504,1847.831607426669,38185376.723386005,25563545.41922316
1256,43676.26235927141,2228.6052677617054,66004416.87759242,25563545.41922316
1257,43610.65754720633,2057.8095492011253,55424527.77514257,25563545.41922316
1258,43583.08316198893,2070.996403608774,52993617.39583745,25563545.41922316
1259,45800.897006212464,3024.8108193445514,116003180.56770091,25563545.41922316
1260,43461.68562028841,2121.411084832501,62823133.86182167,25563545.41922316
1261,44053.48865233268,2201.3791791647623,61723630.499894336,25563545.41922316
1262,43554.25164821539,1860.1774004291678,37269142.71789161,25563545.41922316
1263,44599.256685912944,2926.774913984691,101847907.56724091,25563545.41922316
1264,44899.74367900425,2947.0856694714194,104658577.88165566,25563545.41922316
1265,44720.125717607225,3020.373473576629,102308605.47393414,25563545.41922316
1266,43615.647344782614,1960.367742904277,40960848.87767653,25563545.41922316
1267,43658.89514830832,2058.6428280152877,52092716.49034426,25563545.41922316
1268,43539.5728749997,1891.0536021237465,42113044.52667612,25563545.41922316
1269,43648.15560441623,1964.4765211367042,47715589.656880885,25563545.41922316
1270,43461.68562028841,1743.2465654460182,29860467.53135079,25563545.41922316
1271,43466.13813058713,2072.975361322907,58313372.41842584,25563545.41922316
1272,43461.66363122035,1893.1918597409763,45077953.1100543,25563545.41922316
1273,43507.169270809965,2011.2358661791714,54143074.75100537,25563545.41922316
1274,44662.20688788511,3007.819153847193,111884112.99086061,25563545.41922316
1275,44748.14763167433,2978.618633803516,100041502.96949288,25563545.41922316
1276,43721.43170106322,1960.0811562123495,40932566.009561196,25563545.41922316
1277,44688.89712149841,2797.645577995885,92874632.09962699,25563545.41922316
1278,43651.111932462925,1970.6006061510493,45391752.55620812,25563545.41922316
1279,43691.55964427731,1906.5180172986297,40529258.41527359,25563545.41922316
1280,43710.00801417297,2045.2502308199553,46424516.72868301,25563545.41922316
1281,43644.653273346994,2064.7550562962524,52531834.283391416,25563545.41922316
1282,43728.576571366226,1971.0666243549852,44984652.29688995,25563545.41922316
1283,44628.591333714176,2814.485214869644,89089619.48833267,25563545.41922316
1284,43556.43273637387,1983.3464574084996,51687536.57820852,25563545.41922316
1285,43668.755504671215,2120.224600308017,57561940.38743211,25563545.41922316
1286,44675.44471810615,2863.734377419414,92263425.12162511,25563545.41922316
1287,43596.26822536983,1928.551753938117,45565296.744223006,25563545.41922316
1288,43577.17144056255,1975.234519239159,44855582.88056721,25563545.41922316
1289,43590.64549932295,1892.236929664316,42103324.7554778,25563545.41922316
1290,43520.14672915036,2021.749186825885,54067736.34259026,25563545.41922316
1291,43501.22688684468,1883.2941236703641,42448157.237913266,25563545.41922316
1292,43921.9578436284,2194.414343051527,60631225.99924914,25563545.41922316
1293,43593.29998717491,1992.7507166692117,44233866.29652592,25563545.41922316
1294,43756.11989993192,2064.3749918771164,48377003.95590467,25563545.41922316
1295,43552.45317323845,1854.75132641651,38484284.08140657,25563545.41922316
1296,44909.212801456255,3070.4781047919123,112640376.48690808,25563545.41922316
1297,43626.61024487267,2062.7932892389576,58850775.441028476,25563545.41922316
1298,43597.45248360293,1915.0497341653027,43644261.849527754,25563545.41922316
1299,43640.14041575034,1963.1809148922744,43678741.01333453,25563545.41922316
1300,44619.229593132855,3047.638327318413,109649482.16602485,25563545.41922316
1301,44731.45398191669,3083.875486422417,113549351.12007348,25563545.41922316
1302,43516.18471264061,1813.678716957734,34552772.4553742,25563545.41922316
1303,43538.19573336022,1856.2326751448988,40405282.49633582,25563545.41922316
1304,43727.375287450894,2097.189072436796,55611699.414900854,25563545.41922316
1305,43588.536440556534,1870.482884160867,43564485.60869105,25563545.41922316
1306,43607.078347683535,1843.0195968091477,35709546.0601612,25563545.41922316
1307,43545.660115414146,1844.4043092989207,38107038.89413434,25563545.41922316
1308,43641.20363045212,1926.2763297406188,38979115.35159215,25563545.41922316
1309,43481.35998081908,1933.9223825656468,49076476.828791946,25563545.41922316
1310,44638.887366349605,2792.5835365880944,90562862.18020368,25563545.41922316
1311,43544.15894619595,1922.3082569343576,46950676.082190216,25563545.41922316
1312,45896.759600565725,3983.80750615729,160975491.7304993,25563545.41922316
1313,43471.03703593256,1816.1742988806993,35885180.482560955,25563545.41922316
1314,43473.43241406599,1838.8754576225588,36425643.95145646,25563545.41922316
1315,43897.9989182264,2141.3675339003685,58278498.08166198,25563545.41922316
1316,43710.10353162199,1994.7872131093136,45361442.807870366,25563545.41922316
1317,43602.23385652035,1875.8657792807644,36746314.01873495,25563545.41922316
1318,43798.641844696824,2063.3620149987123,56913607.966289975,25563545.41922316
1319,43710.559581761714,2274.546123942819,71320618.26461059,25563545.41922316
1320,43461.68562028841,1850.0941843542253,37280816.9463174,25563545.41922316
1321,45611.761114695146,4006.830532029688,158914831.76482496,25563545.41922316
1322,44842.39021805934,2890.0715108398963,98788117.84151481,25563545.41922316
1323,43623.300647753655,2029.5999761845887,52240389.88958473,25563545.41922316
1324,43597.39640472684,1945.058958839337,44124146.353848346,25563545.41922316
1325,43696.57016596269,1848.21610422456,36458209.07875489,25563545.41922316
1326,44635.00255530133,2930.72655910223,98519395.32945521,25563545.41922316
1327,43504.26012395705,1901.3958309655409,44265169.90084535,25563545.41922316
1328,43583.29194485873,1836.8438131626772,38673922.88316122,25563545.41922316
1329,43602.20579017763,1959.420989721312,48888312.57881667,25563545.41922316
1330,44753.548751771115,2995.628737073894,105956412.62575832,25563545.41922316
1331,43601.960443642565,1880.3897532729134,46487492.23702745,25563545.41922316
1332,43811.61294945106,1958.1824074190645,47059878.80544181,25563545.41922316
1333,43703.861569377885,1855.1976379339314,34648315.96328157,25563545.41922316
1334,44599.34898803961,3006.2686067283066,106663259.54953226,25563545.41922316
1335,43615.647344782614,1998.7696268986936,46522256.332739614,25563545.41922316
1336,43630.02550922106,1879.3781750197522,38689297.487732634,25563545.41922316
1337,43634.71952429496,1938.2598020952228,41414658.436709575,25563545.41922316
1338,43578.79714302722,2046.0170941751305,53419004.500814274,25563545.41922316
1339,43563.07557134339,1952.0569567556945,50486340.000214756,25563545.41922316
1340,44551.61354286393,2788.4036690867165,89790249.38691667,25563545.41922316
1341,43513.524729282755,1965.2525526060658,49139138.05794326,25563545.41922316
1342,44532.83284333749,2785.6057395113003,93154790.16635233,25563545.41922316
1343,43469.57908544545,1770.5046668758634,32520395.323548675,25563545.41922316
1344,43461.68562028841,1953.2324809316003,51540663.033289015,25563545.41922316
1345,43804.03854672254,2233.004786487217,65023528.76142726,25563545.41922316
1346,44631.13900695755,3180.9514343116102,119504838.1779708,25563545.41922316
1347,43586.04989144868,1966.852271102615,44835348.37475635,25563545.41922316
1348,43531.559643495326,1919.4820994851798,44674826.81983689,25563545.41922316
1349,43492.033874930086,1868.6552382778277,42141725.25331947,25563545.41922316
1350,43532.97211299624,1943.8174001445022,45480054.10586874,25563545.41922316
1351,43512.07055421684,1874.789634713235,37009424.41063724,25563545.41922316
1352,44746.12552217896,2814.6504041507283,85975851.73170716,25563545.41922316
1353,43478.01826198185,1956.9893024706976,48313951.56011395,25563545.41922316
1354,43632.00275673534,1882.9233190337113,40846642.73194094,25563545.41922316
1355,43737.03529070153,2077.1573121094393,58712688.401582144,25563545.41922316
1356,43648.94705871656,2001.8048396893305,50339872.61295967,25563545.41922316
1357,43616.45018811519,2012.3061498311176,50788960.95387272,25563545.41922316
1358,44572.06764633817,3099.5337922413387,114874221.13906166,25563545.41922316
1359,43664.02487344874,1902.9890383341121,43455949.911512434,25563545.41922316
1360,43751.43804110945,2019.126532554339,47775627.813125946,25563545.41922316
1361,43520.055006621384,1927.5055912368966,43975083.2902797,25563545.41922316
1362,43548.00099838994,1861.739516592293,37619218.902316414,25563545.41922316
1363,44693.93856610488,2831.4657188190263,94844375.79682782,25563545.41922316
1364,43606.76101709265,1904.4571695231941,40340737.07669373,25563545.41922316
1365,44721.604831819,3127.6346806452943,114519550.23143527,25563545.41922316
1366,43597.2611378907,2014.5405815830484,50756627.2452509,25563545.41922316
1367,43676.285704023685,1940.2960282370557,48647604.04841682,25563545.41922316
1368,43635.74276086107,1962.9108132294725,47355034.99830777,25563545.41922316
1369,44511.82082592901,2858.686278224134,95385492.8636804,25563545.41922316
1370,43825.803117857526,2058.5107113635295,56318381.603808686,25563545.41922316
1371,44602.25163533676,2900.053988439019,98171193.8933628,25563545.41922316
1372,43522.895631199135,1973.6335814984736,49571749.07869555,25563545.41922316
1373,43724.01834940548,1957.398617580504,45011390.94970463,25563545.41922316
1374,43774.28332999728,2012.4289516232238,53471044.58545047,25563545.41922316
1375,43615.77581549224,1815.7271736746202,34199061.03859757,25563545.41922316
1376,43539.13917316131,2015.3225151311926,55808339.842759706,25563545.41922316
1377,43710.18772381177,1903.542023722811,40803639.3860832,25563545.41922316
1378,44721.55087169314,2976.877849252257,101860684.67473808,25563545.41922316
1379,43726.94820932184,1846.150418341958,32194512.67884531,25563545.41922316
1380,44833.44740714918,2949.720231953649,102726125.67098305,25563545.41922316
1381,44828.450389388556,3037.3121601359044,109818574.55850045,25475403.633023903
1382,43368.85018845463,1852.2406001690226,39012744.65529604,25475403.633023903
1383,43365.18770445551,1949.3208395244885,47310757.596199274,25475403.633023903
1384,43311.12435778253,1778.213677581843,33271286.699310232,25475403.633023903
1385,43414.81387100737,1978.8415119524757,44603463.45842902,25475403.633023903
1386,43434.69364737445,1799.2908256706219,29642204.74394719,25475403.633023903
1387,44509.217901216194,2900.2303559316497,99210035.22473359,25475403.633023903
1388,43644.47926189707,1978.476315521889,43343598.96621249,25475403.633023903
1389,43579.49111966613,1955.369069500413,42901631.91661224,25475403.633023903
1390,43447.80010176845,2106.650157373823,60454055.30528408,25475403.633023903
1391,44525.22371529548,2953.5809472320834,101501467.69405907,25475403.633023903
1392,43611.25291473514,1999.8196747995203,46307063.437778726,25475403.633023903
1393,43573.902605878924,1969.886019117373,47618259.062267855,25475403.633023903
1394,43311.831969748906,1769.2441582415875,30387160.551263023,25475403.633023903
1395,44816.40277448942,3087.6337750953294,106960492.06331769,25475403.633023903
1396,43492.995833330104,1911.6842260980025,38129919.58042467,25475403.633023903
1397,43484.82889959586,1888.5576458356495,38190964.46611868,25475403.633023903
1398,45500.185879844335,4060.3513517594,168062990.89573213,25475403.633023903
1399,43413.544687539994,1861.6549334807846,39446521.50419687,25475403.633023903
1400,43311.831969748906,1877.8943483182968,43228325.05115788,25475403.633023903
1401,43465.92938799071,1977.8740296646931,46306010.90868957,25475403.633023903
1402,43342.84989584069,1871.4070930036385,42159978.199471064,25475403.633023903
1403,45546.455635770006,3866.885874603517,149245683.6827429,25475403.633023903
1404,43423.46200859475,1917.9284254761565,43780093.298943385,25475403.633023903
1405,44561.42777723889,2861.4763083944117,89926404.71354027,25475403.633023903
1406,43318.76702302405,1761.918713432206,31232633.949316807,25475403.633023903
1407,43435.471347190556,1910.1117640478835,44682255.77274531,25475403.633023903
1408,43311.831969748906,1813.985692760556,33470437.64130081,25475403.633023903
1409,46823.62467058141,5125.917123157103,221208893.05358213,25475403.633023903
1410,43404.770948621954,1876.6009487580413,36309287.85901757,25475403.633023903
1411,44534.06600994431,2957.5898602317966,95487680.40136693,25475403.6330239
1412,44413.59841807869,2942.225474877595,102652664.65863103,25475403.6330239
1413,43553.49059212178,1927.1917372013231,41668989.74087865,25475403.6330239
1414,43318.76702302405,1867.7758228757152,41318459.489961945,25475403.6330239
1415,44740.68156744137,2991.6664096435384,101109974.79347411,25475403.6330239
1416,43593.1684724595,2083.390214782742,52522814.85249988,25475403.6330239
1417,43311.831969748906,1753.6476863433738,28851483.992622264,25475403.6330239
1418,43445.69642773592,1806.1157457070508,34402751.67105578,25475403.6330239
1419,43369.57947677294,1959.813526315886,51899536.70214684,25475403.6330239
1420,43320.5550062041,1991.0041543349457,52861839.367042646,25475403.6330239
1421,44420.954653030945,2958.9559178045747,103267251.48457465,25475403.6330239
1422,43311.831969748906,1818.8212148256084,37628803.02049593,25475403.6330239
1423,43541.209563179356,1895.5882178489999,37828345.413184494,25475403.6330239
1424,43360.95088379712,1853.9648726918572,38580455.73399414,25475403.6330239
1425,43396.22604766117,1843.9438598284264,36438232.17700266,25475403.6330239
1426,43392.16051330387,1849.695403357768,36631400.22031223,25475403.6330239
1427,43554.70223188612,1966.4815884933414,43830929.680309296,25475403.6330239
1428,43449.642268786985,1952.2450755487803,47160137.27929402,25475403.6330239
1429,44630.54736752599,2933.379157327856,95955027.89123991,25475403.6330239
1430,43639.14569560707,1902.0887008841098,43033345.22334902,25475403.6330239
1431,43794.935066240134,2059.3820147609977,47983884.33512245,25475403.6330239
1432,43508.61289566401,1934.7182761313938,45716170.55900779,25475403.6330239
1433,44500.63580441996,2935.573939744067,99668721.43198514,25475403.6330239
1434,43430.35945648587,1894.1283022174161,35820050.84419259,25475403.6330239
1435,43547.711293340515,1945.0255292459046,42310912.72866965,25475403.6330239
1436,44605.00503471874,2989.8143699600278,104366791.91811158,25475403.6330239
1437,44387.42928878709,2871.2151454411414,93533428.63307634,25475403.6330239
1438,43419.56918447772,1825.3547536929661,32325304.387624614,25475403.6330239
1439,43349.67793834384,1853.8643945196673,36809039.08042924,25475403.6330239
1440,43620.41901755331,1937.8895205489032,39965116.308058694,25475403.6330239
1441,44611.34183440455,2875.8326247451087,92810745.8396976,25475403.6330239
1442,43423.1840756572,2010.7202702904465,47576086.93607287,25475403.6330239
1443,43337.015540677916,1783.7610071332679,33114987.97676779,25475403.6330239
1444,44465.78667242859,2732.307623007054,85505060.21104148,25475403.6330239
1445,43296.62771855286,1975.5434932271444,53646922.91107405,25475403.6330239
1446,43771.05172263961,2076.8208373719704,46945458.84295435,25475403.6330239
1447,43450.96675362947,1908.966764578192,44698404.20318378,25475403.6330239
1448,43556.826656824895,1917.752221360588,41834774.39983789,25475403.6330239
1449,44570.54713431994,2956.5543980835987,101883139.32507046,25475403.6330239
1450,43415.975036259144,1988.7333260633059,53723221.034549534,25475403.6330239
1451,43349.01334096657,1961.5954727603093,49081224.23501645,25475403.6330239
1452,43394.61407845067,2054.1828320218438,51380962.72914654,25475403.6330239
1453,43429.34211538632,2028.3200442298137,50443313.69040698,25475403.6330239
1454,43612.75798827362,1862.0289815310152,36837035.701796204,25475403.6330239
1455,43734.17996433897,2017.7623615710593,45129002.73796835,25475403.6330239
1456,43581.39960446969,1911.0020726546777,38206877.066576146,25475403.6330239
1457,44529.3526672118,3043.589611530325,103999730.98035946,25475403.6330239
1458,43520.18326604745,1981.1646563484405,51385343.890522905,25475403.6330239
1459,44626.184561795795,2892.4345766035904,94117671.33998606,25475403.6330239
1460,43444.52674965987,1839.4501617854598,35300324.73114503,25475403.6330239
1461,43416.67723998946,1909.6231528617711,42594111.5858431,25475403.6330239
1462,43323.160592818065,1730.3772895813338,27967893.60022341,25475403.6330239
1463,43311.831969748906,1836.6020934877051,37378681.082102284,25475403.6330239
1464,44426.11973317762,3034.0154029587056,115234063.62697327,25475403.6330239
1465,44398.4714981517,2856.9430882419297,98084668.26622199,25475403.6330239
1466,43347.792555487606,1908.1732924820985,45672734.959826075,25475403.6330239
1467,43592.56862739234,2058.8041376800747,51919013.07565831,25475403.6330239
1468,43629.20625173426,1898.3428777350068,35772529.473001786,25475403.6330239
1469,43487.933264115156,1945.8308672983246,43709789.35724511,25475403.6330239
1470,43698.743515645634,2016.994607772455,42795296.38071617,25475403.6330239
1471,44654.356444930454,3154.8099146058426,111002814.85141332,25475403.6330239
1472,45572.641028786355,4012.7941778155823,159556109.61787847,25475403.6330239
1473,43491.28549514325,1918.9102911781877,40721993.82740311,25475403.6330239
1474,43379.41720769781,1830.433048997788,34447172.79851741,25475403.6330239
1475,43323.160592818065,1788.6249059566949,34562177.553759426,25475403.6330239
1476,43508.53859559337,1884.1097848305624,40261686.21542903,25475403.6330239
1477,43317.17294029319,1791.1793991990555,35901246.93695741,25475403.6330239
1478,43556.4469668533,2018.0292303435544,50082825.865800664,25475403.6330239
1479,44430.25520321615,2868.7720940788518,97240504.10470276,25475403.6330239
1480,43427.13141297081,2195.4937251414945,65565517.494965255,25475403.6330239
1481,44473.06317315464,2902.638538687064,98402137.80177942,25475403.6330239
1482,44628.12917969344,3035.6626921577454,106720202.76602957,25475403.6330239
1483,43374.128371119485,1977.5317404794241,49958929.62594104,25475403.6330239
1484,43548.464311178475,1863.5470885530099,37197484.78020064,25475403.6330239
1485,43460.743391724325,2021.3442552685415,50887898.117808,25475403.6330239
1486,43579.013492766986,1880.369573341862,38134896.406457074,25475403.6330239
1487,43565.373561211774,2082.3326757537075,55469274.61616031,25475403.6330239
1488,43442.27129461102,2015.574132523428,51013520.35418972,25475403.6330239
1489,43401.77526617653,1984.0022934978856,52852875.686449006,25475403.6330239
1490,43543.695318037135,1860.720010250773,34523146.49094499,25475403.6330239
1491,43373.26482579145,1876.7681764561792,38651379.23424665,25475403.6330239
1492,43376.25728419276,1883.5251184524682,43896741.43200908,25475403.6330239
1493,43311.831969748906,1842.5558939589614,35437886.70980495,25475403.6330239
1494,43506.65831972462,1913.5269203198404,43650863.71445021,25475403.6330239
1495,43447.02233081432,1854.0322182650611,37124276.930166066,25475403.6330239
1496,43685.969960262715,2022.03001314797,47178879.87109392,25475403.6330239
1497,44488.274060360636,3088.2932748495386,114903980.75448224,25475403.6330239
1498,44469.25589258232,2854.628991973491,96118929.56363082,25475403.6330239
1499,43440.371576435406,1751.3225544753782,29309202.69463101,25475403.6330239
