,per_it_avg_total_length,per_it_avg_max_path_length,per_it_avg_fitness,per_it_best_fitness
0,62776.5112133712,7239.958473485733,453329498.17191565,300287102.54429686
1,61623.88342617733,4932.9931797770505,304009550.3156798,298185124.8544751
2,61238.67091043835,4904.8029469580015,300377439.8110282,295894956.09936327
3,60688.41575143989,4849.115031962255,294279688.0003685,279250177.44059706
4,60925.54736181768,4557.7722366282915,277672171.8023856,264565771.9324079
5,61350.856812175014,4310.066923679476,264426298.68555108,261623218.56821287
6,60688.76367581931,4308.935100292731,261506400.08405733,256017176.88711652
7,60354.45786829507,4324.874059998359,261023298.68716758,254630176.09371907
8,59995.33598248761,4267.55315409258,256033605.58182606,252616851.41303626
9,60018.864720318015,4262.8803069492915,255813825.8535021,252616851.41303623
10,60038.92167955462,4249.659482491251,255139503.04109988,249949525.19386765
11,60329.435412034116,4138.301839735592,249662250.55696154,246834258.5309643
12,60250.26700656438,4076.0836436067816,245585164.74803433,234270862.9212957
13,61888.374780572674,5147.563422341253,326814608.6066462,234255825.89575732
14,60295.13105240579,3998.742654766479,241113147.4541184,234100565.16800675
15,61036.06217561486,4504.3853568735785,279872432.9054405,231278603.68842885
16,59614.775657609964,3985.9082185785555,237621110.76791412,230513009.353228
17,59311.74882421928,3957.153910274651,234703678.8353683,228843685.08617795
18,60157.98599170173,4438.130325632488,271878677.58929396,213446499.57901004
19,59271.407142003205,3580.516184384121,212222019.1241351,186609981.2287627
20,59385.17900121234,3157.9246642432654,187538819.78118172,184894402.63046202
21,58737.07089544462,3164.842490298614,185893577.72558516,184894402.63046202
22,58794.35859964476,3159.525352832841,185761596.68577316,184894402.63046202
23,58707.33844312845,3264.4791808149516,191647203.76710296,184894402.63046202
24,58786.422958851734,3312.2495052722807,194706203.07872733,184894402.63046202
25,58776.355315945504,3283.1757109303217,192967785.2318615,183152418.02274194
26,58187.49492280886,3265.769020311259,190026468.24195322,183152418.02274194
27,58124.185645152684,3230.9507675473237,187812070.0268008,173942140.95229715
28,58997.86342255802,3806.2172648139613,230355375.45097795,173942140.95229715
29,58008.98249646767,3080.559637758051,178728949.3698522,172717829.6515668
30,57687.88427566687,3090.0073958543553,178322072.612995,172717829.6515668
31,57607.940517788855,3250.8456472216026,187274522.67765492,172717829.6515668
32,57678.248137518254,3073.3724301967077,177261449.6491397,172545664.86919004
33,57621.7305867917,3023.407840385352,174212194.05269617,171526282.45443264
34,59339.31927333493,4332.3770022939,266478736.22635478,170127780.2342363
35,57663.79561927418,3305.0798692664735,190567756.46710563,170127780.2342363
36,57540.70112620234,3006.9556546215,173022835.35704273,169837607.4217389
37,57447.1438367049,3074.399905385208,176616110.1558593,169683471.85849226
38,57493.80463599303,3062.8194166203903,176084736.72139472,169683471.85849226
39,57410.43907755159,3047.9955986278896,174981142.9112498,169683471.85849226
40,57406.47113117481,3099.6939953322117,177941596.12571758,169683471.85849226
41,57400.21720771978,3197.8192227614377,183555517.97752818,169683471.85849223
42,57371.84304423605,2983.151405819815,171146741.76389852,169683471.85849223
43,57481.17498838317,3009.637397419964,173003762.45956063,169683471.85849223
44,57424.79943550499,3030.598548814086,174029683.64680645,164211293.74924767
45,57703.367926578365,3102.468399294522,179126760.04759604,164211293.74924767
46,57431.32557879873,3252.5055102949345,186809007.92524084,162787530.36124346
47,57322.09734725943,3064.937044133488,175706503.43695557,160572044.1183107
48,56697.46602502653,2951.174026376816,167337609.96443403,159514250.67743263
49,57116.490826553294,3622.0715143061716,212526252.55110833,158859842.35067865
50,56039.49785816241,2875.675690843426,161170656.73323306,157717051.80185157
51,55713.82534615861,2939.0599628884106,163735813.73326766,157717051.80185154
52,56543.0072654319,3596.6525607229437,209380318.25735003,157531023.54265416
53,55638.405560167776,2968.1053336528985,162173891.63591754,119705376.75236979
54,55647.37780996728,2754.1001569909936,123648209.42206845,113135519.34052975
55,55642.98078111552,2756.987528312765,122314307.18879637,98721298.08095334
56,56521.5999929753,3481.5706243419395,159706803.69002348,95458687.7137249
57,56820.857427029565,3496.0729091151575,158437416.48496723,95458687.7137249
58,55804.598214561425,2685.0883199325126,105687967.54636955,95458687.7137249
59,55896.66653905857,2710.9316210249654,112785514.74150781,95458687.7137249
60,56745.99897177316,3369.744614813169,148487134.18031794,95004860.8155618
61,57344.77832833775,4208.781323217819,205004901.43929058,92283806.77004303
62,57349.337155418005,3321.720562144371,152158340.749446,92096022.82600638
63,56342.800912278566,2579.3067008550956,102016689.50197461,92073315.61951719
64,56433.29978633641,2590.3648909369012,104367362.68464476,92073315.61951719
65,56359.42320615009,2597.8388467053214,101825614.44967152,91332383.7366123
66,55825.90758375403,2522.9010080968183,97850450.58509956,91027004.71385619
67,55769.839042576394,2553.927371208259,100041242.28414583,91027004.71385619
68,56586.707163267434,3463.5553866172277,159177215.83203202,91027004.71385619
69,55733.49010247415,2726.860570637572,107730636.46124688,90977881.1717539
70,55744.80503819948,2669.1496873159995,102999167.16848764,90977881.1717539
71,55721.238652598404,2517.8952773336127,92632943.13780233,90826512.30079082
72,55535.268049879334,2491.209710810727,94017742.6767728,90826512.30079082
73,56430.15703420861,3498.764887265289,160893078.99145156,90016304.82758208
74,56393.1712943217,3259.181634897498,145439762.3149338,89552664.565361
75,56162.14705974555,3385.701895988242,147804044.66681722,89552664.565361
76,55261.24727306214,2660.283092513861,104886463.38948819,84418295.69880074
77,55366.75687310903,2384.2009565869803,87176620.71232413,83243928.37261929
78,56157.99733070271,3383.1436937620615,157314328.82830268,83243928.37261929
79,56163.25752319518,3196.0133232921157,137743608.3232162,83091901.14297934
80,55104.696042111915,2524.723909119201,100650947.7124186,81700909.33724034
81,54163.8244679922,2362.4337800504572,84642607.36787634,80679338.39738467
82,53730.98657742659,2432.307821839656,91528198.12454051,79007226.79706572
83,54025.604773182284,2463.420849892172,95637212.30071333,77621780.2569774
84,54691.02825634505,3193.7471645548303,139284714.4704517,77621780.2569774
85,53897.42480608141,2305.8221917864025,78158548.59423766,77621780.2569774
86,53763.19705472085,2392.230534392521,88341711.33545706,77621780.25697738
87,54657.37240635933,3347.086007821666,148718692.24102476,77621780.25697738
88,53717.20536423727,2480.7518734531486,97529781.70620272,76775554.77017683
89,53208.55325084682,2588.1532477761502,100475693.3009005,76559444.22937769
90,53311.388480067675,2393.250777544729,86778264.49338906,76559444.22937769
91,54025.137561839925,3583.786224052971,172138361.62843856,76559444.22937769
92,53018.60494938656,2453.1110553712906,89162425.27811286,76559444.22937769
93,53064.97865729556,2588.4272308510226,99877735.42056105,76559444.22937769
94,52952.805672473776,2385.691019312613,87715112.50646973,76064742.33977975
95,52873.07598733161,2464.7730085212797,93946920.47036743,76064742.33977973
96,52818.74331849457,2681.0548472257137,109112533.50495681,76064742.33977973
97,53572.42165222707,3344.277903232556,150270683.9274006,76064742.33977973
98,52587.746910817616,2405.070094653598,87612072.29470907,76064742.33977973
99,53537.70744826728,3062.103964171764,128136676.06614456,70521426.51039083
100,53117.11406199915,3096.5119092644204,132848136.00747864,70396509.67850818
101,53136.05053662227,3307.6946900951707,145826203.6823634,70396509.67850818
102,52249.3218068667,2351.765634212493,83875640.59707098,69789317.35799259
103,51819.32221448187,2414.078164258662,86620426.43393214,69726940.90953332
104,51745.54878815195,2198.7980168257477,74204482.39335552,66818122.032687694
105,51914.40586435067,2358.1947281914763,85682830.26366213,66805611.17786837
106,52706.24796888026,3086.2561315676094,131935601.11899444,66805611.17786837
107,53652.90723637891,3199.8883682811934,138933678.33024085,66805611.177868366
108,51735.25851206462,2387.4415769572743,90033061.47395957,66805611.177868366
109,51734.794169080036,2176.956592665256,74678400.85777074,58692438.33829653
110,51653.793128913254,2502.47837604361,95384085.5024594,58692438.33829653
111,52698.297883035055,3169.591274754491,132707515.1135597,58692438.33829653
112,51737.605705287286,2274.849847943996,78277789.95516254,58692438.33829653
113,51772.727086989195,2299.5781473832776,75084124.27685986,58692438.338296525
114,51729.56047681302,2272.358753660093,78585824.92375526,58692438.338296525
115,51737.60570528728,2319.5270601509774,82016453.83858612,58692438.338296525
116,51897.01450477453,2398.0247886977218,80375725.46168695,58692438.338296525
117,54454.25644272667,4612.00102185728,217746442.16328835,58475555.44351115
118,51485.8176768439,2320.1404301822836,84253837.96900907,57474262.40380312
119,52453.9253790473,2149.982634325388,67678160.61653027,57474262.40380312
120,52430.80509810157,2415.2644826457667,83680826.61965458,57474262.40380312
121,52454.45531205369,2403.5813590606613,84565529.4280103,57474262.40380312
122,52371.7322435153,2322.1023982265515,83819828.97268426,57474262.40380312
123,52357.95564229428,2205.7575919443534,71739702.87785067,57474262.40380312
124,52471.2093366979,2384.9675249276543,79142240.42587261,57238610.20425088
125,52285.99057028907,2483.2749883997694,98478922.07435493,56767615.32596853
126,52850.906224739316,3239.731229252104,133342996.9087623,56767615.32596853
127,51875.37595722337,2232.022205208251,72942951.554198,55647143.63001803
128,52591.75370406192,3096.41005652997,125190541.97116339,55430297.43264377
129,52560.55870292678,3152.5062518603613,124842564.67103891,55104770.96363342
130,51167.139532547866,2283.19877312577,79299966.73007733,54812921.11643549
131,50852.19427749362,2420.945346032145,84034116.4642965,54812921.11643549
132,51759.781971685516,3250.195506605738,136168773.90176865,54812921.11643549
133,50806.129409456844,2205.8525668642233,73447595.77174065,54812921.11643549
134,50779.954171922865,2333.0302836196915,78997862.36467044,54812921.11643549
135,51093.635958128056,2228.185402074555,71139088.05343094,54671151.45167038
136,50880.22576825715,2403.684642873514,85160780.84663555,54671151.45167038
137,50726.751917215784,2178.336932576486,60930159.42568388,54671151.45167038
138,52449.79142846924,3874.4056059294003,177367633.8300416,54671151.45167038
139,50670.575894390124,2310.988420288547,75183508.80428222,54671151.45167038
140,50764.81006750245,2249.3994246990064,72044070.86340618,54671151.45167038
141,50650.08946086959,2391.7060554201034,79982766.50022814,54614613.7056054
142,50645.842583707315,2303.2250164926227,71686605.54679629,54614613.7056054
143,50549.72661891128,2195.579685676765,64965911.569595054,54614613.7056054
144,50652.93392731544,2311.65978235005,81042357.40363523,54614613.705605395
145,50610.758986149965,2229.0559864551715,71208995.62731425,54614613.705605395
146,50743.32390123922,2430.0160936064485,79406052.22984663,54614613.705605395
147,51432.28695428545,2969.356713987065,117637784.28986451,54614613.705605395
148,50740.078727480635,2292.0792622920826,68256827.73877734,54614613.705605395
149,50705.90469181516,2271.8483989338,68672016.49642313,54614613.705605395
150,50631.911897675214,2199.501714818135,68030267.38746662,54614613.705605395
151,50773.65354330998,2258.5038151424587,72746348.31184886,54614613.705605395
152,51678.45046597314,3234.7459557701136,138137114.40365776,54424255.25172258
153,51545.033575405905,3261.7679452226425,133151616.77263634,54424255.25172257
154,50535.46370385322,2308.528387187449,75279912.98498769,54424255.25172257
155,51305.390667520216,2950.927882082819,112438282.84641734,54424255.25172257
156,50403.37007227,2326.602036595217,76141877.09218433,54215992.17755048
157,50186.982447071874,2173.5766080095227,68511364.73193237,54190637.105005905
158,50296.11570326956,2260.7388971433597,66328902.36636064,54190637.105005905
159,50306.25250366096,2347.829622466706,76299273.29243693,54190637.105005905
160,50188.0764908156,2244.8659531060175,67201182.63871261,53413531.852089316
161,50089.74707388507,2306.8753386948565,80052572.56191058,53294960.01339807
162,50048.277842143005,2246.767351788287,69972326.94901708,53294960.01339806
163,50298.99775901772,2282.602045258035,77051352.1548677,53294960.01339806
164,51003.18501999923,3179.538808810462,134038422.43431184,53294960.01339806
165,50113.188510362794,2177.0603342911536,69535439.13069321,53294960.01339806
166,50073.83121397132,2148.745071789221,64782762.37209709,53294960.01339806
167,50046.03764603431,2395.778984234401,84738009.96592888,53294960.01339806
168,50307.847016656546,2533.694822231973,86579115.4812462,53294960.01339806
169,50169.998562571374,2383.0034745283724,82907551.72819623,53294960.01339806
170,50123.189581834435,2335.3848869156695,80890436.20417291,53294960.01339806
171,50135.74989947355,2109.344853918016,56548191.59846298,53294960.01339806
172,50257.07480678629,2180.6641752033934,59941925.11754646,53294960.01339806
173,50093.16704897227,2200.42504046427,67154320.21302968,53294960.01339806
174,51008.715368360965,3064.971359845819,120762504.57375622,53294960.01339806
175,50182.51810852884,2437.0243519248806,91419747.77877584,53294960.01339806
176,50054.49532887824,2267.6161429248505,71657399.13631007,52794905.41116493
177,50060.47112570121,2160.0745782323825,60696535.27832377,52794905.41116493
178,50110.81474880506,2184.8884915924154,66359559.4828701,52794905.41116493
179,50915.487255736916,3033.0642629419735,116317588.07591426,52794905.41116493
180,50084.589544082446,2157.7606440361915,59857211.544705644,51252117.11199446
181,50167.96514499803,2298.7050367587353,78196164.02780762,51252117.11199446
182,50062.148677530364,2174.122238457073,64657888.98982906,51197857.31279384
183,50124.65161290309,2185.341209817501,62422200.13249217,51197857.31279383
184,50062.22096136743,2349.9244873691705,72175903.85590306,51197857.31279383
185,50006.92237468518,2416.785152152133,81791465.17823407,51197857.31279383
186,51042.297272230055,3026.0928273854383,116368329.7427359,51027269.339145504
187,50055.91187413625,2332.5838400041507,73372788.86842245,51027269.339145504
188,50721.05867052304,3087.860547327567,117718752.46503861,51027269.339145504
189,49863.230857625196,2151.0747484734243,71060001.75782941,51027269.33914549
190,49828.47781199735,2181.5442784241336,59767486.07273682,50453861.90335737
191,49881.014032432155,2222.5310654016175,60271883.011780545,50248311.1971112
192,49731.28695503811,2201.695232706498,63192978.253874145,50248311.1971112
193,49758.5158696013,2205.347244073854,68706106.28440854,50134197.81802013
194,50468.22868412738,3097.684967209086,126786019.13882545,50134197.81802013
195,50376.641507949615,3029.6407367560614,110505854.1364307,50134197.81802013
196,51310.3697989511,2994.998758467263,119178771.70038846,50134197.81802013
197,49509.69389624533,2264.433343751765,69982996.15352824,50134197.81802013
198,49513.79136505065,2132.527021390532,63253625.0254181,50134197.81802013
199,49528.21715290395,2385.4385444720924,79932662.64950672,50134197.81802013
200,49548.457451526774,2171.9828037270395,60919694.399403274,50134197.81802013
201,50439.62806589624,3084.987857067851,118166258.24326918,50134197.81802013
202,49723.269426681174,2258.7406845396167,65337181.360537745,49409735.12534336
203,49925.419027748125,2348.5327159057288,80642868.71537927,49409735.125343345
204,50027.8736212715,2190.381071668152,64706468.15085856,49409735.125343345
205,51890.26278064991,3993.1648923290754,184097903.20827028,49409735.125343345
206,50849.03138745878,3215.835250062849,130510641.95824778,49409735.125343345
207,50305.31943824546,2274.5452985622414,65005873.56320033,49409735.125343345
208,49995.805762779855,2181.5356220245235,59962944.222264886,49409735.125343345
209,50096.397759837004,2156.0216834862613,62611550.15782362,49388956.49713385
210,50031.78691583156,2451.9584070768083,97319152.68734041,49388956.49713385
211,49948.72591818108,2361.1027049801937,74052553.78350475,49388956.49713385
212,50013.55948184279,2229.544181538965,62899495.859135404,49388956.49713385
213,50761.83858409386,3025.6251840374275,116787536.62892023,49290266.601324454
214,50079.96145136396,2351.0101515545434,81184266.4362138,49290266.60132445
215,50091.24969589506,2302.643206099019,76189016.18534632,49290266.60132445
216,50940.36826306669,3086.4077500354497,117492235.36967738,49290266.60132445
217,50096.7996365778,2150.52271196928,58342856.88222204,49290266.60132445
218,50026.84388688805,2215.644690229489,65882308.070106685,49290266.60132445
219,50928.052099300454,2973.4338167102414,106866338.62420806,49290266.60132445
220,51106.630167126496,2953.5035318798045,118905284.55974524,49290266.60132445
221,50054.32406593359,2370.5545481126346,77892241.45825021,49290266.60132445
222,49965.55346595531,2251.5017176671254,73545356.49809344,49290266.60132445
223,50127.18449942152,2406.957542182531,88090844.59503734,49290266.60132445
224,50007.19292199401,2298.278178719648,73898301.71242389,49290266.60132445
225,50009.11565614341,2207.1890839512866,62887085.24667104,49290266.60132445
226,50053.317455926306,2332.960371910271,73486769.99746045,49290266.60132445
227,50066.111941048024,2177.0857898716577,67035568.01711218,49290266.60132445
228,49993.13806739873,2123.6355640659376,59741888.55189564,49290266.60132445
229,50108.78562201649,2236.1090706924597,70669026.54567023,49290266.60132445
230,50061.88090556386,2304.6476588745813,71154778.2062149,49285668.057164654
231,50857.69073489656,3100.599876456192,124197324.11058375,49285668.05716465
232,49960.89192078777,2205.954904027965,65329094.83939908,49285668.05716465
233,49923.80370914067,2221.8369503801846,68046896.09498382,49045031.92039584
234,49844.0932154229,2292.4510591518456,74819435.25739975,49045031.92039584
235,49845.13735193068,2342.57110702626,77606223.1552777,49045031.92039584
236,49771.39207771709,2333.803654403367,78187009.21400507,49045031.92039584
237,49658.27666004749,2314.4088262652067,76183649.13670793,49045031.92039584
238,49792.50121791163,2132.733499394082,57622246.172571085,49045031.92039584
239,49746.28363381013,2213.9271118046913,62400718.077136114,49045031.92039584
240,50648.27250949889,3189.5811275571987,125022735.80641231,49045031.92039584
241,49879.79604857048,2304.6730067612693,74769194.36847809,49045031.92039584
242,49755.12032436612,2325.515152363535,75854609.24563462,49007255.752085194
243,49680.24172398512,2341.0697219349513,82245272.84131078,49007255.752085194
244,49678.66530944593,2190.595105085603,70263322.07334813,49007255.752085194
245,49816.216033013094,2357.1317926888682,73386726.1202443,42190071.20011007
246,49294.51181003749,2248.552504675559,78387253.2078658,42190071.20011007
247,50326.55955210158,2955.651448426329,112165661.14956209,42190071.20011007
248,49554.995936140615,2130.6932395027775,55769448.74887391,42190071.20011007
249,49492.18888320929,2255.571413364709,73341323.50851826,42190071.20011007
250,49662.23528515919,2150.8929047165366,64885527.01212957,42190071.20011007
251,50126.826648930866,2903.565342576925,104362841.71613103,42190071.20011007
252,50522.777526918726,3070.740144603655,123518863.64721653,42190071.20011007
253,50380.96915043207,2994.7341196274097,113858003.38696234,42190071.20011007
254,49427.94702928875,2040.3608359968016,49043638.70865066,42190071.20011007
255,50279.09451135846,2812.274253341755,96471900.60417384,42190071.20011007
256,49611.46328231441,2090.1456517786355,60003354.24802687,42190071.20011007
257,50297.99303374918,2864.036212270719,99856124.59418043,42190071.20011007
258,49651.40522707226,2253.1542975248785,64911231.502708815,42190071.20011007
259,49399.6178051012,2115.166743270177,57076561.52941568,42190071.20011007
260,49532.74230373858,2363.9240618433637,81035454.38980643,42190071.20011007
261,49582.29410877589,1999.54815514112,44445874.644311346,42190071.20011007
262,49394.17579946216,2247.783274437109,69709941.03141296,42190071.20011007
263,49473.0185095635,2161.1295603746184,69711624.02920523,42190071.20011007
264,49411.047434796994,2271.566412225138,75837476.28950816,41981081.64048114
265,49231.382483441776,2237.9718994412665,75699238.96712825,41981081.64048114
266,49416.17277497365,2170.459170235391,73801599.91673574,41845160.68206165
267,49072.103500560275,2350.5564725480644,79576023.875577,41037911.72565903
268,49568.41180415019,2474.055146354508,90680336.497266,41037911.72565903
269,49658.424112439985,2256.8704288111758,69749660.4887639,41037911.72565903
270,49725.62350723353,2160.8942426075037,65334229.116780244,41037911.72565903
271,50423.427746986956,2860.0812402282627,104978120.2783832,41037911.72565903
272,49583.861247400884,2163.696259075487,66644720.61241982,41037911.72565903
273,51333.51941442879,3740.590348060762,154947500.2783621,41037911.72565903
274,49658.90956675536,2100.145807938111,55728422.75766581,41037911.72565903
275,49631.80762656712,2100.058231145388,52490368.97667217,41037911.72565903
276,49571.36005739863,2390.746948115656,81226391.21557024,41037911.72565903
277,50440.347716982695,2925.1459965785048,107432232.54951319,41037911.72565903
278,49589.2626741647,1993.0032342234722,48724325.56131815,41037911.72565902
279,49807.234885685975,2191.9839435260146,68444899.17112403,41037911.72565902
280,49677.5584520366,2085.873579574468,61794852.19499799,41037911.72565902
281,49568.41180415019,2222.3338214575074,76322922.57416616,41037911.72565902
282,49555.17485071359,2111.542229828195,61974616.602005936,40928322.39106539
283,49493.548057845364,2149.256724870534,63684246.32761116,40928322.39106539
284,50339.15508874337,2855.6775139221613,103457425.42503649,40928322.39106539
285,49598.34029374043,2220.5251897988173,65148280.87192142,40928322.39106539
286,49439.489422376806,2149.9771647190146,62436140.08958246,40928322.39106539
287,49453.058341000884,2126.137906769863,58103781.20249288,40835369.72794345
288,49460.52137870295,2255.734110257939,72098095.20430055,40835369.72794344
289,50236.27792019091,2911.5388699793134,103483762.27593651,40835369.72794344
290,49439.50995995612,2309.0459890273664,81059422.48145734,40835369.72794344
291,49303.1108896357,2021.9194154840766,52168866.9326529,40835369.72794344
292,49531.794867284254,2125.955891119265,57938379.09394656,40835369.72794344
293,49305.50877949811,2293.728748872867,79489059.54915151,40835369.72794344
294,49416.84649338087,2021.8780509326984,52960614.84794079,40835369.72794344
295,49371.270494799624,2207.4551652653095,70857639.18644838,40835369.72794344
296,50326.54075616754,2936.1888205816313,107164146.76838116,40835369.72794344
297,49392.177689328084,2190.1131930063257,61819983.297901556,40835369.72794344
298,49606.423017924746,2094.454476814752,61064941.41695104,40835369.72794344
299,49429.83260475406,2204.9160310696925,60901841.88047524,40835369.72794344
300,49320.970778412084,2249.438178414759,73272376.63462567,40835369.72794344
301,49304.76523424718,1957.832817272228,43385698.468279496,40678047.86031278
302,49348.94812534917,2221.668300866816,73767482.29652162,40678047.86031278
303,50106.10258646907,3039.6206113283138,120005312.23835437,40678047.86031278
304,50019.194709059084,3061.0800753309827,121649547.61730652,40678047.86031278
305,50906.46459930152,3778.9436261612705,166996448.03159282,40678047.860312775
306,50141.28668667029,2927.291274995364,113659027.87299986,40678047.860312775
307,49133.74348110871,2224.510590977655,70957337.49681146,40678047.860312775
308,49133.743481108715,2114.556307130837,64094933.77023252,40678047.860312775
309,50092.697302764325,2931.752353604392,109536124.27890673,40678047.860312775
310,50205.62544113778,3294.641322947801,139113275.22544825,40678047.860312775
311,50030.542295217514,2918.5927423819367,113717538.39761174,40678047.860312775
312,49946.366326848714,3090.1555852792976,123947019.11060897,40678047.860312775
313,50085.61193058677,2862.5465490254833,98285681.17909828,40678047.86031277
314,49140.08886605503,2086.2342959711227,60493029.50565509,40678047.86031277
315,49133.743481108715,2178.245824715071,68249161.69570133,40678047.86031277
316,49142.768182048574,2284.873816607955,74216246.8907217,40678047.86031277
317,49258.63494083785,2310.2716378282457,75720485.54077289,40678047.86031277
318,49173.35273954669,2210.999096939856,67519007.92636195,40678047.86031277
319,49960.92034919079,2927.627708087089,111251105.20290597,40678047.86031277
320,50145.36644337483,3287.486146377717,149026756.97742587,40678047.86031277
321,49112.23114049413,2275.5107974799785,80692607.74303189,40678047.86031277
322,50146.14861322185,3040.635379846548,127143476.13662016,40678047.86031277
323,49229.420092659944,2157.431108800258,62832360.7382551,40678047.86031277
324,49275.84845112665,2181.3017985513084,66465446.46532092,40678047.86031277
325,50126.071805906904,3011.3342258173207,112807407.1185669,40678047.86031277
326,49267.61412713368,2248.1052323836134,72432071.13851963,40580500.27789817
327,49015.91880309023,2157.453235850772,63688007.44382702,40580500.277898155
328,49237.18286565565,2500.7630639340814,88725880.62818615,40580500.277898155
329,49332.62561638123,2429.0494829039503,89097145.83597758,40580500.277898155
330,49193.582224611,2425.6515366178587,82539136.68203779,40580500.277898155
331,49015.91880309023,2064.8128365998014,54042192.13388534,40580500.277898155
332,51706.951520060116,4610.85056219831,209939108.4419233,40580500.277898155
333,49091.36563361903,2165.8634309332756,62023161.27137528,40580500.277898155
334,49156.52175333665,2275.94319191702,67858556.55932614,40576154.5871235
335,49166.909779796566,2199.851958600215,69539168.69808976,40576154.5871235
336,49057.928621071514,2084.9106169568386,58867420.80600504,40576154.5871235
337,49249.81157801321,2232.465757188968,73566182.50927599,40576154.5871235
338,49017.0971999523,2097.009642698038,59852254.46280905,40576154.5871235
339,49962.699854756174,2877.810765514384,112164820.17444606,40576154.5871235
340,49064.45845212742,2171.0083675991073,62290031.0023299,40576154.5871235
341,49240.44537447381,2202.3743763263674,61197418.74183388,40576154.5871235
342,49001.915924573164,2022.4319246394612,51636997.472089075,39085858.69498186
343,48956.3300544216,2187.6490974688813,69540756.00979856,39085858.69498186
344,49117.61456079369,2080.3645749479674,56613032.75263903,39085858.69498186
345,49016.76845510709,2187.7127886943754,73102114.8940809,39085858.69498186
346,49948.981542294496,2925.960493702216,105293804.90778081,39085858.69498186
347,49253.45717758451,2394.5860638118884,81062561.44453296,39085858.69498186
348,49001.428841081164,2045.2234855881627,61372902.646714285,39044222.17672848
349,49856.69034186673,2935.9604527407587,110301604.54659708,37083898.993616626
350,49871.49581775289,2969.8199981046323,113150157.85701728,37083898.993616626
351,48951.8961103395,1995.5331709656261,51818394.46262608,37083898.993616626
352,49682.48888354515,2941.8405161333985,110937653.73538895,37083898.993616626
353,49007.06550712398,2093.71257854161,59985248.21907786,37083898.993616626
354,48880.96200631106,2169.1951879785497,70541182.13144936,36835243.41597956
355,48704.8984869198,2014.942176715951,52553783.05712588,36835243.41597956
356,48649.927526667496,2103.3223239914405,68252834.00863706,36835243.41597956
357,48566.56326428622,2022.3955609632667,59204411.06981442,36835243.41597956
358,48620.21631521215,2227.4317256516633,75541921.82493575,36835243.41597956
359,50300.91445064264,3687.5431178380977,154492590.05172476,36835243.41597956
360,48671.56090607941,2294.1489493763793,77891613.08835566,36835243.41597956
361,48771.2961681678,2055.3350532803365,60615480.78273203,36835243.41597956
362,48663.748436349626,2005.389291347723,51619166.36724864,36780809.77388735
363,48505.247965503855,2066.29509759836,57735000.168015264,36461436.43597929
364,49063.43523076676,2839.1398168736714,95662637.48272523,36461436.43597929
365,48181.890362049024,2054.7708674913088,51231468.726334766,36453127.70244426
366,48161.285781767896,2038.9797976273735,52918996.54562045,36453127.70244426
367,48114.13453947285,2011.605273193827,53295692.5164931,36453127.702444255
368,48286.49923221629,2239.6605751937354,64939275.969949506,36453127.702444255
369,48116.79917262778,2100.7390285205843,60488262.701495245,36448867.01640026
370,48955.41359487282,2861.705346557169,101269337.01869963,36448867.016400255
371,48050.294858505076,1976.6385618661723,47910031.4856255,36448867.016400255
372,48002.357970292716,1977.3232330005217,50424175.310812995,36448867.01640025
373,48202.988641867945,2184.35543636924,65473974.19339194,36448867.01640025
374,48132.86964360598,2118.2058419572745,59556769.83416784,36448867.01640025
375,48241.85019405176,2084.1839469113193,57754448.67500534,36448867.01640025
376,48061.835642314945,2098.669650950657,60161660.93448208,36448867.01640025
377,48295.110472741864,2162.178611046564,68957800.044934,36448867.01640025
378,48178.19086963234,2044.0301120645959,56890926.18021741,36448867.01640025
379,49044.47366939594,3087.797465526417,122824375.84200557,36448867.01640025
380,48446.21779676946,2171.2428777223377,63574548.86675455,36448867.01640025
381,48205.0555892776,2090.031158823816,60806829.05840035,36448867.01640025
382,49001.09416192378,2873.5986336695955,103340320.86553736,36439063.98777682
383,48244.20755603093,2068.934099080494,58181968.85697814,36439063.98777682
384,48127.19938487069,2084.8221875396475,58455622.347818896,36439063.98777682
385,49002.552078879344,2829.768599724732,100186200.8109303,36439063.98777682
386,48044.23074508886,2124.1762203672574,59413115.87204955,36399688.38746039
387,49813.21275554183,3520.777189137687,142062488.61286023,36399688.38746039
388,48854.90858563985,3011.7930987879045,120514013.27400854,36399688.38746039
389,48054.70177393546,2025.0996023588104,56335294.670082524,36399688.38746039
390,48857.2483046401,2934.149023713692,110031458.65078583,36399688.38746038
391,48220.010891503654,2059.6982040113285,55294110.46780467,36399688.38746038
392,48194.26591244895,2119.908117596382,61339706.22825022,36399688.38746038
393,48029.922541124004,2111.8911129503863,67146354.96965456,36399688.38746038
394,48073.85155108652,2032.2109891475454,59371309.6614153,36399688.38746038
395,48030.55466732183,2007.1616951550197,49307916.54050978,36399688.38746038
396,49000.533991848904,3014.3955335187775,117920081.81010385,36399688.38746038
397,48058.13050343034,2121.4917610329935,59492911.61132111,36399688.38746038
398,49917.81259840257,3714.8500883836705,145756522.33651373,36399688.38746038
399,48021.99811591724,2117.3734540994797,61551166.13362308,36399688.38746038
400,48082.26093158212,2104.825495248585,60275083.9030745,36399688.38746038
401,48187.12684242935,2173.4128334283214,66749995.530689046,36399688.38746038
402,48178.08640659023,2213.432228744731,68617121.5588922,36399688.38746038
403,48068.186407955174,2135.9022809194753,69554098.0570124,36399688.38746038
404,47992.29229751753,2051.3957738936597,53627393.99163203,36399688.38746038
405,48003.736325816855,2234.3517231775095,73889202.79441394,36399688.38746038
406,48153.49062240462,2151.261433012354,62891792.39985965,36399688.38746038
407,47996.55047856552,2246.6649890467434,72121285.27686319,36399688.38746038
408,48076.444915191874,2104.2934803966536,61968165.254171096,36399688.38746038
409,48918.921206043284,3053.906069581267,119127727.74439621,36399688.38746038
410,48050.226896692235,1961.1407253112798,47892342.9917362,36399688.38746038
411,48128.8393295333,2107.8560780834605,63353424.58228052,36399688.38746038
412,48297.59092744911,2131.988454132238,62743750.84467511,36267782.30948233
413,48586.02134718436,2165.8430100839205,69597020.08537124,36267782.30948233
414,49553.17193106905,2774.7378598696314,94344319.63982671,36180468.59590648
415,50503.18266315704,3918.867253671479,166306378.92839986,36180468.59590648
416,49357.2404779337,3067.6193192536894,121868525.60312748,36180468.59590648
417,48566.69625547598,2154.167477266583,67613136.55051188,36180468.59590648
418,49609.680592534634,3041.8007706793546,121621453.45961681,36180468.59590648
419,48600.62066776129,2221.957421232727,71443471.80296262,36180468.59590648
420,48717.90480856242,2093.265155396468,54698970.385046616,36180468.59590648
421,48705.795449800105,2173.639796245214,64880288.42329626,36180468.59590648
422,48591.904884901756,2025.4724627035575,48685287.04772114,35987926.08124295
423,49385.8776612647,2929.326782741705,102605474.4967481,35987926.08124295
424,48536.6707459116,1976.546891597188,48719505.18637588,35987926.08124295
425,48575.806207539295,2171.3044564390666,63943591.95331695,35987926.08124295
426,48674.5605408311,2104.311712696607,57298872.00536144,35987926.08124295
427,48519.65947462623,2079.4364202339502,56519772.702422395,35987926.08124295
428,48580.948165901485,2162.9918916333586,63881138.540223315,35987926.08124295
429,48533.26105012409,2100.4767689479922,62926923.7966344,35987926.08124295
430,48582.575846199834,2002.8595363434374,50081425.6507957,35987926.08124295
431,48625.430322664404,2133.36599639931,61764876.57140247,35987926.08124295
432,48820.59106790569,2088.3696696092097,50378574.45655112,35987926.08124295
433,48546.86850833621,2268.980965258198,76086192.77597901,35987926.08124295
434,48540.23570203356,2213.4991146561124,71006665.24273968,35679523.74990518
435,48295.13870272865,2131.8403527287396,63115017.30857372,35679523.74990518
436,48278.931268522145,2259.3062647913293,73058062.14011523,35606505.87614418
437,49009.0029439341,2883.7682590364275,105840699.75613013,35606505.87614418
438,47985.19468234386,1987.7093340877123,52648992.770444945,35606505.87614418
439,48976.55754090733,3159.56958867734,132961427.13243349,35606505.87614418
440,48950.948124901086,3206.771938105552,123222016.25242662,35606505.87614418
441,49052.20398567634,2923.3322120815983,105555390.55850801,35606505.87614417
442,48056.28409361828,2104.8733847229596,66120257.80127543,35606505.87614417
443,48087.42426049623,1951.8750116804222,43584836.92551483,35606505.87614417
444,47963.78733954427,2025.2578780826684,54083439.44991936,35606505.87614417
445,49078.89119420955,3088.7591734149023,135310361.01600248,35606505.87614417
446,48905.10947529807,2844.0869444880445,103347187.83838065,35606505.87614416
447,48015.88049988747,2086.0281628756065,55688767.21564807,35606505.87614416
448,48918.21206480992,2841.225168906226,96020885.07376729,35606505.87614416
449,49070.11513732308,2774.2820567844483,92557169.72014903,35606505.87614416
450,49757.42907006748,3805.0454382423,165430146.94935837,35606505.87614416
451,47985.19468234385,2058.6662703052575,51620435.60102755,35606505.87614416
452,49019.88021450776,2900.126518330926,102578464.99724682,35606505.87614416
453,47952.206256787686,2080.32636007006,58702114.64451327,35606505.87614416
454,49806.38246618695,2800.792547809155,112638220.07728279,35606505.87614416
455,48124.27140006966,2077.8692473397973,58679896.22951392,35606505.87614416
456,48151.03494373448,2222.939730811118,71068807.01820152,35606505.87614416
457,48863.904894400715,2905.2169792891805,103342809.69183104,35606505.87614416
458,48687.89573023204,2936.808380215997,111461936.98791821,35606505.87614416
459,48255.31195144719,2121.744797221888,61619933.016485706,35606505.87614416
460,48224.89937571166,2222.2318126936725,69530713.45734002,35606505.87614416
461,47988.14207321771,2045.0775437165619,51567462.35473305,35606505.87614416
462,48950.36919378532,2869.4247010543745,99100728.37830688,35606505.87614416
463,48070.92612042509,2160.6665067937874,61206618.906739295,35606505.87614416
464,48998.43865360131,3024.0598314398894,124716530.90573624,35606505.87614416
465,48862.208212223646,2978.7118849482913,118056911.27695855,35606505.87614416
466,48107.80704857338,2090.2318904929293,61149588.8857187,35606505.87614416
467,49977.083657291114,3782.947839769705,152284239.19946128,35606505.87614416
468,48048.75376351546,2011.7770324593007,49349725.85213487,35606505.87614416
469,48032.73852361943,2092.548565766546,59176721.42028974,35606505.87614416
470,48115.4301561111,2024.4899769085182,59958569.976621725,35606505.87614416
471,47986.45709308323,2030.2599678299175,49866257.86217384,35560370.192119345
472,48913.722830493454,2882.3772217125434,107994605.87898667,35560370.192119345
473,48997.80101420243,3003.9051610245087,123669255.48303552,35560370.192119345
474,48900.73103450425,2933.2347734936275,104336625.87868735,35560370.192119345
475,47997.81711382868,2240.289412752012,69340597.1157898,35560370.192119345
476,47923.01981499138,2131.1644540990187,57856465.822845064,35560370.192119345
477,47976.50386069981,1989.5164523825679,49170986.313605964,35560370.192119345
478,48848.72593400078,2946.7336311253007,110754947.88965769,35560370.192119345
479,47971.604859388215,2160.530473958378,68518900.77987155,35403353.99686631
480,47759.95779247492,2229.1082033631733,73051280.73999396,35403353.99686631
481,47761.89367993445,2064.1793222652113,63234116.27327905,35403353.99686631
482,47833.264744285945,2248.3536164728293,71822267.05579932,35403353.9968663
483,47783.755790820214,2005.7103448057583,51018589.292338364,35403353.9968663
484,49654.39223532226,3599.31422970264,152200250.81142324,35403353.9968663
485,48655.81530561303,2838.2214605800314,96557316.0427184,35403353.9968663
486,49583.853520359364,3913.981773811065,168619399.4724779,35403353.9968663
487,48590.39874002632,2802.177705471581,95573089.82909243,35403353.9968663
488,47867.66142035503,2210.5460673096777,74748145.74263573,35403353.9968663
489,47876.30340287382,2100.3589517503688,60772847.76790112,34347148.00419566
490,48654.248263314,1998.9854010872248,50316193.50239495,34347148.00419566
491,48791.01464947993,1980.4016933836588,52109873.41019004,34347148.00419566
492,48825.28065271782,2135.044108037613,62994406.03988688,34347148.00419566
493,48728.06534383525,2082.5480122452827,59479370.83000078,34347148.00419566
494,48757.52849952407,2064.420898723468,52294083.44109181,34347148.00419566
495,49555.81190775341,3065.1277223275374,123006205.59633312,34347148.00419566
496,48787.042578709115,2097.7114953645596,62023933.481292106,34347148.00419566
497,48826.31706481961,2200.319301644141,66969119.0787939,34347148.00419566
498,48784.425469651316,2061.14038993338,56950263.99346493,34347148.00419566
499,48958.28086408907,2322.166728444223,77663762.0369812,34347148.00419566
500,48773.61784815715,2027.823674031179,51102990.75481771,34347148.00419566
501,48707.235547534576,1971.8081150787293,47981085.20974453,34347148.00419566
502,48866.61713848288,2128.6403966722983,57648556.89680698,34347148.00419566
503,48705.78328354219,2139.4065332316068,64426647.10450895,34347148.00419566
504,48821.88184242973,2320.164518826854,78065072.82868744,34347148.00419566
505,49772.8875171861,2945.452195059267,106589424.11258312,34347148.00419566
506,48837.765448326325,2292.239655088961,81070126.76195131,34347148.00419566
507,48848.33191306986,2074.8509712036694,52762747.291134335,34143301.708917335
508,48566.913217123365,2298.453212645191,73620986.85318273,34143301.708917335
509,49367.94417236733,2809.190163268856,98490196.83488356,34143301.708917335
510,48496.12278696349,2068.4791317881563,57314364.33049504,34143301.708917335
511,49399.88883155513,2880.7434500086574,106783410.84913754,34136916.25479476
512,48471.54303767467,1904.1734654333736,40605101.547833964,34136916.25479476
513,48665.13734840372,2217.9805793000905,71914609.79915895,34136916.25479476
514,49261.329614510905,3094.6528972137894,124026453.67228171,34136916.25479476
515,48410.69790022526,2037.9538960593577,53843321.159029946,34136916.25479476
516,48443.22945532354,2010.2100164261647,49607040.37131742,34136916.25479476
517,48566.61732105205,2086.2328064026724,60189391.14065808,34136916.25479476
518,48407.75558869924,2152.3396391019446,65115021.26915401,34136916.25479476
519,48510.55468215128,2037.5069900403928,49044122.22016664,34136916.25479476
520,48429.81099034703,1990.5081212428722,45954725.785635665,34136916.25479476
521,48429.810990347025,2073.387575491236,55600395.06540773,34136916.25479476
522,49373.03662665751,2887.9814637687577,110661762.86856726,33997850.40839798
523,50166.95719655508,3677.465931023437,151682511.01876613,33997850.40839798
524,48486.39558802879,2164.7571488506214,63571068.3312525,33997850.40839798
525,48334.38509743904,2085.143398187624,54755757.01479099,33997850.40839798
526,49106.63816525125,3025.1759129894854,127265334.2111971,33997850.40839798
527,48375.37377630184,2069.982370814247,51799237.55484679,33997850.40839798
528,49264.43967635078,3024.8957998762653,115615963.27901301,33997850.40839798
529,48386.62226452106,2233.2738056393673,64556440.78578248,33997850.40839798
530,48334.42721257078,2295.68186959666,77361302.5616695,33997850.40839798
531,48273.82501607546,2209.584415159209,66063052.62487636,33997850.40839798
532,49246.84120849466,2759.021000220496,91330422.11704305,33997850.40839798
533,50073.44538676976,3759.4450545530476,159075419.18030626,33997850.40839798
534,48319.6723558336,2095.6206485931825,61717529.08127017,33997850.40839798
535,48363.15283849464,2040.319229032487,54827315.09916724,33997850.40839798
536,48548.88090536554,2169.7911409548483,56971217.73579111,33997850.40839798
537,48243.14616153954,2257.3443125964286,75603907.05169903,33988434.13651006
538,50321.91521792113,3934.7906928036364,164010518.41265354,33988434.13651006
539,48219.160418681386,2196.5707740910866,71774917.75290886,33988434.13651006
540,48463.396723124475,2149.1031694775397,61869990.69556397,33988434.13651005
541,48338.24603884182,2175.182281115915,67098497.53118865,33988434.13651005
542,48374.79446803561,2184.347172323311,67218110.80296572,33988434.13651005
543,48228.63378274167,2143.0708146257457,61882109.28790643,33988434.13651005
544,48157.59749280515,1996.1825691361962,50391896.25910215,33988434.13651005
545,48380.158678451386,2048.953442634752,53356084.58889361,33988434.13651005
546,48209.38194623143,2293.9822514918915,81632810.29059836,33988434.13651005
547,49352.24418912133,2844.0084851554634,100038986.38268845,33988434.13651005
548,48227.808554423704,2130.03840710115,64538639.73035439,33988434.13651005
549,48278.16372925388,2092.921365914295,56460505.267317995,33889945.18038063
550,49242.25445281913,2839.9556664354654,98020291.7992486,33663756.33955033
551,47905.930016493294,2148.248329237397,66100049.75156684,33663756.33955033
552,47864.42956756489,2012.2480653293612,54291459.843754426,33663756.339550324
553,47813.479372365764,2015.320766723828,51247403.35020038,33663756.339550324
554,48609.686555337845,2892.168029047605,103357545.54682012,33663756.339550324
555,48676.50203368582,2792.6286967482474,89094492.1697397,33594830.4262961
556,47793.38598260286,2057.8713675848094,61795617.99063816,33594830.4262961
557,48623.75394386954,2877.2348163310553,102839828.35460533,33594830.4262961
558,47702.26468447405,1921.4186950332285,42690499.57953518,33594830.42629609
559,47814.45742812017,2062.47844491882,54794921.02953216,33594830.42629609
560,47706.60156601409,2030.2148724110623,49942855.29576847,33594830.42629609
561,48642.47539755978,2940.968038816044,110103006.15843804,33594830.42629609
562,47827.2698030341,2350.939723861172,78855999.54026356,33594830.42629609
563,47694.7860235559,1981.085732009406,44619031.26046842,33594830.42629609
564,48783.09773569075,2953.1004386588297,115888909.66105556,33594830.42629609
565,47681.59799359412,2095.296346229182,61443483.63375299,33594830.42629609
566,47723.077666468285,2072.0472271379194,60997544.52881445,33594830.42629609
567,47660.757511152085,2242.776454671748,74441239.21325247,33594830.42629609
568,47734.89609362294,2077.8398955880093,56635765.61475979,33594830.42629609
569,47658.915921082764,2150.026134735335,67952026.89898416,33594830.42629609
570,48703.03301584731,2868.715744593908,105787496.51288167,33594830.42629609
571,47773.307779520794,2095.341879189509,58609452.130799614,33594830.42629609
572,49501.774223406435,3705.3394476316184,149225306.57247308,33594830.42629609
573,48593.5182598062,2949.8668557933293,114758585.4852087,33594830.42629609
574,49550.987483825265,3698.5919589204213,151265748.96124637,33594830.42629609
575,47808.76117354346,2134.4269580957207,61096263.16570415,33594830.42629609
576,48550.15834172014,2786.1037047078016,97679767.77906448,33594830.42629609
577,47798.1687591664,2051.819071274143,52749410.566908225,33594830.42629609
578,47587.224029643876,2082.666269486431,58181307.38347968,33594830.42629609
579,47799.17097853434,2213.4275491362578,69260560.56741534,33594830.42629609
580,48632.62879678256,2790.604221086713,98326619.62523627,33594830.42629609
581,48769.047009448346,2963.225323372443,113990980.13549788,33594830.42629609
582,47675.892852945195,2043.479410515168,55809893.617308855,33594830.42629609
583,47750.009311150134,2215.4496297635337,63549300.91297784,33594830.42629609
584,47835.84321954786,2101.8029744924215,62577170.74145063,33594830.42629609
585,47876.74834594222,1974.1554043009885,48072068.463018194,33594830.42629609
586,47751.436672405966,2161.8955370497,66502240.43252577,33594830.42629609
587,48658.03763340052,2969.2170666586762,112329837.28131576,33594830.42629609
588,48587.4155978771,2858.4336146834157,99909607.5460131,33594830.42629609
589,47829.860977926575,2151.769147079521,59320592.938584745,33594830.42629609
590,48675.15699897181,2961.165307278907,122309023.1925672,33594830.42629609
591,48547.46195381515,2865.3046920390607,99011535.18024479,33594830.42629609
592,47709.824720337594,2006.0229260148549,52505743.22201413,33594830.42629609
593,48578.23601131009,3030.476594815923,115909510.15990417,33594830.42629609
594,47604.57729165235,2077.754578569972,61696813.54607566,33594830.42629609
595,47913.28791381748,2314.182992167624,78398663.60989805,33594830.42629609
596,47843.18731576464,1994.569071957389,49703358.6346667,33594830.42629609
597,47775.52732692209,2075.8014894110484,54508455.026155114,33594830.42629609
598,47743.42874410227,2020.7753434956471,51535451.478889614,33594830.42629609
599,47805.4338167635,2176.3469592764345,62775675.02774911,33594830.42629609
600,47616.74515399769,2198.645267039506,71547418.46675168,33284598.748816445
601,47220.63393960812,2059.5534601254426,58242024.12332866,33284598.74881644
602,47250.57931597353,1969.3135180426775,45315003.80939291,33284598.74881644
603,47495.99970755329,2186.4894577252135,62349509.757634506,32948582.175986886
604,47880.774694617314,2160.326476721655,62108179.699774146,32948582.17598688
605,47761.748231845544,2122.4776515900644,61595489.68497398,32948582.17598688
606,47927.02650322251,2096.780916570987,52963381.19892161,32948582.17598688
607,49545.338007266815,2889.6300184427873,112706596.35412788,32948582.17598688
608,47791.644492746025,2040.235546641044,49625451.803933054,32948582.175986875
609,47973.66395287165,2488.636236512595,85381842.93437216,32948582.175986875
610,47714.859626544945,1971.6320967397758,44808372.223632105,32948582.175986875
611,48863.20149684227,2835.4672870572376,102147224.62811755,32948582.175986875
612,47701.40506435318,2010.5998605277011,50854069.79341403,32948582.175986875
613,49381.426133421475,3578.6681394705397,143839642.66223735,32948582.175986875
614,49389.6257278219,3570.1162620456366,136407684.72633028,32948582.175986875
615,47856.67011512985,2002.9729854532566,51833585.580795705,32948582.175986875
616,47934.942086154144,2061.828174936059,51263132.85205945,32948582.175986875
617,47819.24203521779,2101.091545574337,58091120.631129384,32948582.175986875
618,47820.88125646113,2064.8557343131115,59541409.307633065,32948582.175986875
619,47831.49688126818,1986.639600144986,46361616.23268918,32948582.175986875
620,47805.2704760886,2244.458142683409,70004128.67193627,32948582.175986875
621,47955.43445030963,2356.318993270585,80328236.48589191,32948582.175986875
622,47765.19963332209,1990.3010958806663,46953974.44449427,32948582.175986875
623,47805.379196904425,2027.8140526200718,52077625.624210775,32948582.175986875
624,47888.6502349352,2193.71076877384,67769303.1202625,32948582.175986875
625,47716.652931745004,1967.9303382036178,47471882.752091035,32948582.175986875
626,48609.76129152147,2755.1578865220936,87554766.37870565,32948582.175986875
627,47782.78771347318,2126.0600820033223,64204064.502163246,32948582.175986875
628,47833.78862048965,2085.7370540387283,57972853.595485054,32948582.175986875
629,47704.41946369165,2068.438799237025,59425052.114180446,32948582.175986875
630,47719.836640545975,1935.3870307186899,45197388.82204724,32948582.175986875
631,47822.65085655586,2143.0007968668842,60085512.27160736,32948582.175986875
632,48662.716685438136,2754.7252836889515,84461449.00601204,32948582.175986875
633,49644.44490422681,3615.241683640505,149608761.1824244,32948582.175986875
634,47837.36038564377,2027.8641116233186,49270825.44817803,32948582.175986875
635,47793.87254776286,2240.9548843343227,66839110.35982964,32948582.175986875
636,48810.15969812312,3010.494303861784,116616185.62229982,32948582.175986875
637,47808.03687569627,2008.4536449862194,50320188.40033279,32948582.175986875
638,47815.02600573035,2212.494889040591,64852815.49335998,32948582.175986875
639,47931.33690790002,2049.259465578333,50438795.35382773,32948582.175986875
640,48611.57795226915,2879.479874131321,104907612.31857958,32948582.175986875
641,47901.12233231189,2050.99092511833,53019545.30328254,32948582.175986875
642,47766.58160790695,1979.773181657321,49114816.450106084,32948582.175986875
643,47925.348306083106,2398.6366363123916,73871416.20688798,32948582.175986875
644,47845.876292109424,2093.7250449587095,59569233.982829615,32948582.175986875
645,48028.079585777145,2130.47809301811,70700062.61317666,32948582.175986875
646,47709.47823617158,2085.100252841226,56184875.41700643,32948582.175986875
647,47714.60005500243,2114.0652867782164,64899982.30806003,32948582.175986875
648,47777.79512452691,2123.4369605633074,67518887.86906914,32948582.175986875
649,47732.49185106244,2173.352280993327,70457456.91548946,32948582.175986875
650,47922.065500497425,2216.748267096555,71328647.77161323,32948582.175986875
651,47965.472768515894,2097.337663662488,54842477.510114595,32948582.175986875
652,47845.62782063483,1969.2474151014987,37781607.966209054,32948582.175986875
653,47653.026473440885,2117.1819338483283,64022206.48663106,32948582.175986875
654,47840.78892047506,2022.0665906810468,45897023.39230792,32948582.175986875
655,47793.622287978054,2230.4699199135966,73359305.33037946,32948582.175986875
656,48664.030505460614,2817.488426014942,98694989.20113204,32948582.175986875
657,49551.53492907941,2792.6749622377583,109949621.68252034,32948582.175986875
658,47847.35176245375,2234.864851966208,69389013.0336801,32948582.175986875
659,47888.48410653783,2058.8009055779526,46357846.10725488,32948582.175986875
660,47784.398237629655,2083.528669778086,59600388.17927476,32948582.175986875
661,48518.65309201307,2659.993617005195,88732118.5654868,32948582.175986875
662,47822.502638017235,2006.8201375039248,46931072.957798496,32948582.175986875
663,47759.27587466184,1981.9580477017455,45541485.2201668,32948582.175986875
664,48602.66289341233,2789.6829329671664,94624215.0494498,32948582.175986875
665,48877.24332545911,3017.154006812578,112000699.03420624,32948582.175986875
666,47898.38674143428,2023.6878391930768,49512169.890421145,32948582.175986875
667,48530.86209563537,3002.5369035702906,117167417.63554935,32948582.175986875
668,47701.38940892408,1888.4655961536434,33582321.2499278,32948582.175986875
669,48092.84798489834,2085.6698795091756,54286985.2459992,32948582.175986875
670,49467.926313292526,3638.119813532164,143297621.56163687,32948582.175986875
671,48761.45761273593,2845.512507160954,97389419.3211213,32948582.175986875
672,48650.020302142846,2922.560363732823,107766730.61277413,32948582.175986875
673,47765.52444270461,1938.4688531268225,44533554.54696433,32948582.175986875
674,48641.200338456474,2909.0481923605485,106103087.20204806,32948582.175986875
675,47743.963409647266,1949.1350298818907,42287149.89720498,32948582.175986875
676,47714.859626544945,2044.4838406816802,54769103.67636824,32948582.175986875
677,47701.38425007994,1954.4016403118592,43973302.65900172,32948582.175986875
678,47915.82976728033,2267.424005356053,71977401.20753607,32948582.175986875
679,48698.667619853855,2874.904303874057,96905217.55792293,32948582.175986875
680,47831.65035297618,2252.0557418147914,75222474.09883186,32948582.175986875
681,48001.75620821695,2038.5680023457421,49944767.85278481,32948582.175986875
682,48522.59305368561,2911.3415364521675,102404932.62309904,32948582.175986875
683,47705.86407930353,2161.56352686641,66638820.122188486,32948582.175986875
684,48578.91363794159,2884.1606953690416,107433953.045631,32948582.175986875
685,47705.86407930353,2094.869944595833,60780238.149925664,32948582.175986875
686,47766.26441042845,2011.361151973396,46703805.96471989,32948582.175986875
687,47834.775270337756,2055.289751682367,51707628.231807515,32948582.175986875
688,47747.3036374799,1942.212124321879,48448225.977478154,32948582.175986875
689,47711.055676823984,1937.3035355792101,48914453.62255526,32948582.175986875
690,48804.17098295494,2945.697915344714,110798372.8665113,32948582.175986875
691,47744.91358577251,2073.3370202453,61861381.42285583,32948582.175986875
692,47741.05483635921,2036.9037575711827,51613069.26995261,32948582.175986875
693,48671.40492376662,2807.4945179768783,92828505.60348882,32948582.175986875
694,48619.85173526122,2759.0039661116803,86068417.06047575,32948582.175986875
695,47705.86407930353,2088.058906427267,61186227.77733071,32948582.175986875
696,47710.1395419881,2010.2246774454575,51087411.14207284,32942099.581625678
697,48609.249377330314,2753.76049778595,86606009.309444,32942099.581625678
698,47696.478007276964,2195.9400721292327,79180973.31440352,32942099.581625678
699,48623.3230542814,2728.7545552398356,83589023.02732037,32942099.581625678
700,47696.478007276964,2054.0629247471597,55345226.52567862,32942099.581625674
701,47746.198791834875,1993.3554664121698,49037845.31805314,32942099.581625674
702,47782.087155104404,2091.4496853551195,61628579.64620529,32941445.238484044
703,47793.2766972724,2167.531196003365,62077010.51583803,32941445.238484044
704,47802.857572105466,2011.4425717316208,44840978.32105582,32941445.238484044
705,47694.68124945825,2011.7678715380182,46995166.986493155,32941445.238484044
706,47707.502418109005,2155.193351105964,58448811.16473408,32941445.238484044
707,48866.63501354885,3071.2778748269284,116870014.49204297,32941445.238484044
708,48651.83515808756,2839.8733174810104,102218522.9816916,32941445.238484044
709,48629.64776016441,2919.0553586263713,105334795.15034494,32941445.238484044
710,48791.69786192542,3106.6480748030035,119296949.20983756,32941445.238484044
711,47849.53159961772,2004.228234879117,46299742.64866437,32941445.238484044
712,48573.79734390748,2739.9305349082615,91104839.77964602,32941445.238484044
713,47692.14268149305,2051.957974094575,55256204.63105421,32941445.238484044
714,47718.854727443635,2074.022425183385,56195469.41721431,32941445.238484044
715,47728.192634951105,2046.5515446332302,52743995.85117805,32941445.238484044
716,47695.530591548755,2137.5692554045777,61196909.06608961,32941445.238484044
717,47695.530591548755,1961.290938526615,41292027.24123218,32941445.238484044
718,47695.530591548755,2067.4766775117046,58819181.39284594,32941445.238484044
719,48734.11144534155,2748.304489595646,90573458.03909266,32941445.238484044
720,47956.12289648027,2025.7259548362726,46025304.933631964,32941445.238484044
721,48767.291625004334,2873.148520810357,99651499.07701318,32941445.238484044
722,47695.530591548755,2095.8710528493675,62587569.51878575,32941445.238484044
723,47750.39167178761,2019.7564754338005,52410123.30595524,32941445.238484044
724,47642.99993119498,2169.2713777105955,67101009.1456285,32941445.238484044
725,47974.21175001025,2163.5911730902344,61330636.922925375,32941445.238484044
726,47696.161631770294,2110.372235287262,58944251.145947956,32941445.238484044
727,47974.438707236666,2041.4692532392735,50720562.534662336,32941445.238484044
728,47879.314202011694,2134.5244588473124,60669736.08610885,32941445.238484044
729,47881.708928197935,2223.3652504386146,70326333.19617625,32941445.238484044
730,47713.43954015729,1955.1121618934674,44928589.27628249,32941445.238484044
731,49023.95223576913,3052.053127183817,107793236.04439342,32941445.238484044
732,47641.10051472687,2109.8779545296275,58128557.20195387,32941445.238484044
733,47839.418379356284,2068.0007472530283,61647909.12343474,32941445.238484044
734,47795.9183135637,2111.105629073471,57303917.38524542,32941445.238484044
735,48664.97435451662,2846.3779372081735,108911985.32085827,32941445.238484044
736,48574.51277593485,2853.2853104961127,103584445.75575438,32941445.238484044
737,47772.816302307634,2203.419905922521,72331565.32352294,32941445.238484044
738,48562.86245651693,2756.9235519856143,90736233.14031851,32941445.238484044
739,47650.8911587796,1988.6292269665505,48125302.84520171,32941445.238484044
740,48607.01056627955,2975.7860130738727,109862131.24932805,32941445.238484044
741,47889.354800194735,2159.854209431393,60516326.75174125,32941445.238484044
742,47714.038669648806,1982.248177756764,55443315.55693436,32941445.238484044
743,47744.88794377063,2126.9358427949583,53842165.96455555,32941445.238484044
744,47880.6434883985,2061.3932923313923,50263473.83637815,32941445.238484044
745,48561.80542488772,2877.8870264465622,102287136.81276518,32941445.238484044
746,47695.530591548755,2131.436991743102,61895731.916111015,32941445.238484044
747,47804.59283200527,2244.850516605903,78620144.6538055,32941445.238484044
748,47828.15431834812,2307.232006675782,75445284.38622257,32941445.238484044
749,47907.85460490816,2163.001158154076,62696502.23258624,32941445.238484044
750,47736.46374603258,2111.0788768567945,59059815.50530267,32941445.238484044
751,48835.75316608454,2925.365034238551,109201597.37062669,32941445.238484044
752,48604.26250282732,2964.4605887513653,116482468.93836129,32941445.238484044
753,47753.95215715381,2064.76758377654,54257431.50520128,32941445.238484044
754,47695.530591548755,2249.147201496755,73808494.14528096,32941445.238484044
755,47832.7418117381,2053.098531572307,52680021.34237734,32941445.238484044
756,47774.057308104035,1999.3275494800178,50646059.66268954,32941445.238484044
757,47675.12574566102,1975.4818321226376,46244221.32030133,32941445.238484044
758,47715.369152722604,2056.594611557711,51761777.59408317,32941445.238484044
759,47667.84082450877,2143.6226272155473,71286109.14568403,32941445.238484044
760,49489.322568759104,3871.793652968891,162808879.6178207,32941445.238484044
761,48534.074857255575,2798.920904686018,95244635.28786442,32941445.238484044
762,48677.54481534763,2840.325669122907,98306652.10805489,32941445.238484044
763,47789.65736700519,2240.5893312217104,74972750.58715571,32941445.238484044
764,47729.1046919964,1965.63508948752,47746295.05446176,29157878.35421054
765,47702.61990565709,2004.6394692467093,47734177.40607045,29157878.354210533
766,48479.01995302619,2939.708316964159,106114796.38287519,29157878.354210533
767,47621.04264212679,1996.1172889328495,47670951.511603974,29157878.354210533
768,48442.665205769896,2832.9880560829943,97831788.48388539,29157878.354210533
769,47657.1414189553,1925.2651086298301,43704690.271292016,29157878.354210533
770,47534.14807394436,1998.528463794774,53332750.33896389,29157878.354210533
771,47688.87457951709,2119.11177148359,66901225.54924724,29157878.354210533
772,48558.027150125665,2928.542364338823,105664494.20678718,29157878.354210533
773,48425.48871586895,2796.497975213909,96736152.01207909,29157878.354210533
774,48444.947473000466,2943.044189104566,115002832.88608241,29157878.354210533
775,48865.35739429308,3041.34607154077,116482877.68218538,29157878.354210533
776,47604.782096106115,2154.706319320219,63192585.00935604,29157878.354210533
777,48708.39685940486,2863.6975008578675,99622886.0444198,29157878.354210533
778,48434.94245761652,2731.0856582839065,92862301.19583836,29157878.354210533
779,47700.36976991208,2148.0436335763816,69313288.92888555,29157878.354210533
780,47790.09140608215,2077.9437050746446,58858507.7562511,29157878.354210533
781,47624.010309594705,2008.3453116182307,53077150.38449897,29157878.354210533
782,48464.17339080854,2661.647025284604,84353862.93219872,29157878.354210533
783,48412.6149527362,2773.735158204067,99313185.80638477,29157878.354210533
784,47534.27222139006,2116.380851104691,65555330.94726117,29157878.354210533
785,47577.22546102332,2107.0548129274825,60385919.06419178,29157878.354210533
786,47566.88461313028,2123.6251397541687,60044434.72524549,29157878.354210533
787,47582.49595435402,1966.092427345056,46875035.300156154,29157878.354210533
788,47551.74614626391,2152.096450123884,65922855.52306162,29157878.354210533
789,47534.14807394436,2189.17901986947,70883565.53429095,29157878.354210533
790,47615.81302613783,2148.7773873079686,63676700.25473954,29157878.354210533
791,47595.135042951755,1994.48776749304,50524110.28515529,29157878.354210533
792,48820.70778887938,3045.5728343655933,121389635.2821583,29157878.354210533
793,47578.163841104135,2100.973129822095,63979248.27137842,29157878.354210533
794,47738.412556241776,2034.821359948905,56059342.36375897,29157878.354210533
795,47534.14807394436,1974.3492332550463,50772639.75130736,29157878.354210533
796,47609.24866296169,2205.863180080717,77437860.62108131,29157878.354210533
797,48444.98702397483,2767.7446630763307,98695707.83099866,29157878.354210533
798,47753.003759506566,2080.32772676368,59064887.50160296,29157878.354210533
799,47629.07606438831,2065.1471745283184,63294605.49086098,29157878.354210533
800,47604.934882294525,2021.587460184266,55529902.40897002,29157878.354210533
801,47471.69649269937,2125.1460522542757,60644340.29327426,29157878.354210533
802,47717.80297198172,2102.1529219522304,54694089.93723482,29157878.354210533
803,47574.91546071523,1892.167235257857,41777574.40611873,29157878.354210533
804,48521.70963589413,2914.8670539153336,106222951.85098943,29157878.354210533
805,47534.14807394436,2135.780663050852,65249913.99221399,29157878.354210533
806,47737.052952898164,2038.1914047515588,51307409.0176112,29157878.354210533
807,47660.03037044443,1993.6934319774416,47694941.78831272,29157878.354210533
808,47733.41529050793,2276.0895132312007,80250840.14082655,29157878.354210533
809,47599.90865665984,1971.5553930824003,47185166.438928075,29157878.354210533
810,47689.0780861991,2094.071724170119,61583533.796176255,29157878.354210533
811,47534.14807394436,1917.78013387732,44253634.42180677,29157878.354210533
812,48622.292179543394,2849.930291848793,100537623.5206569,29157878.354210533
813,47484.56033231538,2019.936780689767,58888879.11495999,29157878.354210533
814,47711.97870492425,2090.9858258831005,61508704.09045528,29157878.354210533
815,47534.14807394436,2138.2183306353945,61702890.91409676,29157878.354210533
816,48489.57262959194,2900.6453362098973,106830264.9526186,29157878.354210533
817,47566.26844720474,2184.1548250791802,69713234.1154503,29157878.354210533
818,47534.14807394436,2013.0728485710533,56949246.87722342,29157878.354210533
819,47657.95492468405,1995.7772546650097,51156013.45424437,29157878.354210533
820,48444.42175700836,2800.2196212331596,102754225.02850361,29157878.354210533
821,47520.72063904517,1990.228919870971,52765793.095557764,29157878.354210533
822,47584.62084062434,2012.8553200691701,53260603.068044014,29157878.354210533
823,47653.41241142928,2099.0692887312607,59479436.48518835,29157878.354210533
824,47608.52179613748,1957.682970316313,45198205.95393057,29157878.354210533
825,47604.718422481106,1966.9283482951585,47981411.11724453,29157878.354210533
826,48532.31627723218,2879.387745961393,100703298.71087821,29157878.354210533
827,47646.935644602716,2045.6955120806954,53921446.176700115,29157878.354210533
828,48007.872570796615,2064.0357242291625,54094597.41012182,29157878.354210533
829,47490.016991296885,2003.473745138213,53082212.29479394,29157878.354210533
830,47534.14807394436,2000.4180032091906,50946096.9154301,29157878.354210533
831,47746.85956105658,2150.320332079482,68677615.41967496,29157564.030154552
832,48362.06883030693,2896.4673102410406,109714587.13895401,29157564.030154552
833,47653.70993590606,1975.8935974766864,45878147.34361568,29126334.706102204
834,47688.984954666215,2131.74459190393,63753785.47933756,29126334.706102204
835,47641.0825722998,2010.2935997230463,50949651.199997544,29126334.706102204
836,47418.04827816544,1971.4573720445896,48610673.83597742,29126334.706102204
837,47649.21972064335,2057.0709480785854,57058859.167323604,29126334.706102204
838,48401.46089608917,2715.613030921389,82597738.99815455,29126334.706102204
839,47465.1107967179,2027.95809335404,53484508.98032261,29126334.706102204
840,48407.99292689645,2948.996176317881,111526604.02599958,29126334.706102204
841,47544.12453846356,1937.1934224744673,45785392.76256961,29126334.706102204
842,47516.81974481791,1924.1010003453866,49354090.372568734,29126334.706102204
843,47498.670995352004,1965.9176045809395,46855027.862004176,29126334.706102204
844,47503.02746841668,1958.623583890919,47553414.70155951,29126334.706102204
845,48392.76033180366,2933.4672190089927,106549411.0191435,29126334.706102204
846,47587.745222847305,2250.4831474201883,72565864.9187401,29126334.706102204
847,47705.74370075665,2222.1075058083916,68655640.64165732,29126334.706102204
848,47576.74579029616,2059.69276495345,58934068.20813759,29126334.706102204
849,48722.17990146081,2878.7280796297055,92008820.8793259,29126334.706102204
850,47553.78021202768,2015.0345661848828,49627003.050638184,29126334.706102204
851,48423.374492548974,2887.599992625533,105946211.45936176,29126334.706102204
852,47792.93144607001,1987.019765824013,45119918.96636957,29126334.706102204
853,47682.4802734488,2005.3000500444455,49163402.735128835,29126334.706102204
854,47540.035850724526,2219.322293081891,72812719.68120456,29126334.706102204
855,47718.572168508224,2145.5284583675657,66521474.623184144,29126334.706102204
856,47669.631778753406,2011.8479426430881,55762762.73750053,29126334.706102204
857,47657.397212604716,2135.6676200190013,54437152.39276912,29126334.706102204
858,47551.69399505223,2207.9273844577697,70205385.85749571,29126334.706102204
859,47404.351645647504,2048.431198375073,53640502.63265952,28143271.68118005
860,47188.76966313898,2148.9048056115575,68609510.76314373,28143271.68118005
861,47451.474538494236,1994.3018654776793,45945486.43748705,28143271.68118005
862,47312.19048365939,2044.9457517588962,55908408.06828956,28143271.68118005
863,47549.17431558888,1997.9948950982157,45420138.139589176,28143271.68118005
864,47268.009909997,1858.3572569300072,37926277.931133576,28143271.68118005
865,48343.631493925655,3227.9345334940053,132729256.03640437,28143271.68118005
866,47286.011889149275,1883.8440272040073,40925003.88292609,28116501.626202922
867,47378.31408886275,2024.277615223889,55334761.92921398,28116501.626202922
868,48380.696275112845,2858.268806738759,97785367.1268784,28116501.626202922
869,47215.34321721671,2226.976517691596,69785064.00707054,28116501.626202915
870,47310.302992077704,2135.243397944485,70446509.85449092,28116501.626202915
871,48186.2777287386,2749.465935996132,98087253.98648626,28116501.626202915
872,47215.3432172167,1902.3265013349132,41301659.90110965,28116501.626202915
873,47228.78953358889,1958.7196216892014,47720402.42548521,28116501.626202915
874,48175.62082614315,2888.02714554618,107986435.7287848,28116501.626202915
875,47171.21213456922,2019.7645986924285,59447881.01504245,28116501.626202915
876,47222.82311469133,2030.9528684060363,54969325.04426198,28116501.626202915
877,47204.26131695349,1905.8093052503095,45433890.72514192,28116501.626202915
878,47357.70796235141,1956.9475063456762,44255717.93438721,28116501.626202915
879,47446.468713614435,2067.2255784295817,56626479.31794906,28116501.626202915
880,47260.30594603451,1989.1110584888968,54082432.079961136,28116501.626202915
881,47278.595024614035,1927.6042798397514,44374244.84096548,28116501.626202915
882,47317.561306109616,1980.7331179709804,54070225.003383756,28116501.626202915
883,48185.7344336052,2680.415167158403,88035249.30762357,28116501.626202915
884,47389.701005151204,2147.963615227759,64385553.454925045,28116501.626202915
885,47254.357362829694,2041.8114049801854,56269729.93962227,28116501.626202915
886,47290.92800923191,1979.3418860080844,53547490.911511496,28116501.626202915
887,47505.45949864966,2165.876434337036,68313003.94988766,27653790.170949485
888,47741.23106611359,2819.440763227149,101543814.21955204,27653790.170949485
889,47796.536599395426,2837.2734483192025,102569226.39617805,27653790.170949485
890,48762.83707709024,3916.055004302491,165028545.76475552,27653790.170949485
891,46841.97867639018,1908.3837229868873,42499429.808361,27653790.170949485
892,47717.262527883984,2835.3186276321817,100950669.24382845,27653790.170949485
893,47952.417378921426,2878.017560168065,107530513.34133402,27653790.170949485
894,46862.63616104166,1890.508655559305,41310696.14286225,27653790.170949485
895,46967.532079597004,2250.778760638649,77329368.6778313,27653790.170949485
896,46910.64280971773,1996.3418586462678,51878235.032777674,27653790.170949485
897,47005.08335551714,2079.0013541329668,57537694.442700304,27653790.170949485
898,46844.00663936442,1945.1870345385112,47343926.0439779,27653790.170949485
899,47098.60422170998,2096.9156648745275,64125567.06438719,27653790.170949485
900,46830.864804646095,1953.0041674135882,50340542.88603479,27653790.170949485
901,47008.171960149884,2206.803732773359,70091881.10541146,27653790.170949485
902,47886.20867935107,2780.7037330694056,91645547.97005394,24782612.44528279
903,47944.99128781106,2902.4160765928164,105469296.09480323,24782612.44528279
904,46823.384907171465,1851.4444802078851,36768426.77224381,24782612.44528279
905,47655.52739525387,2743.75693045323,96400942.7947278,24782612.44528279
906,47171.144244639014,2002.7872683885441,48115917.62235726,24782612.44528279
907,46922.21037785914,1998.4751046917631,51594112.04069023,24782612.44528279
908,46904.724352770645,1933.7206970318243,50678451.8756071,24782612.44528279
909,46902.502435955896,1890.2710553297118,45081104.31759046,24782612.44528279
910,46898.484921847434,1881.316996179759,42721417.35831129,24782612.44528279
911,47655.52739525387,2826.0086296532368,103988672.77161776,24782612.44528279
912,46867.01728415013,1936.8090742666495,46578737.84766404,24782612.44528279
913,47019.72856051694,2035.574468912216,55432026.1816455,24782612.44528279
914,48635.079967289756,3477.942774413657,127816856.54734167,24782612.44528279
915,47929.52999984435,2724.675015894614,87086134.86725143,24782612.44528279
916,47905.69530370191,2793.0344107312835,100019921.60726185,24782612.44528279
917,47773.17223901071,2644.139057916522,80340807.70214134,24782612.44528279
918,46937.02948969852,2139.8331481351415,68668435.18861312,24782612.44528279
919,46906.67545400917,2033.161513653457,56141753.30983983,24782612.44528279
920,46878.049586001354,1854.0341955021372,40274147.43712926,24782612.44528279
921,47711.428411882065,2864.7641720178144,103827952.68445356,24782612.44528279
922,46823.384907171465,1771.025347309421,33094210.33412046,24782612.44528279
923,47837.26527854611,2960.5565508583504,116014507.9132475,24782612.44528279
924,46873.51008690109,2123.219534281446,67636356.70420775,24782612.44528279
925,46888.23661072605,1955.3272128983367,50308773.92283645,24782612.44528279
926,46972.863008160784,1878.9829765092913,36732963.02981367,24782612.44528279
927,46823.384907171465,1848.350692612747,41546976.15391241,24782612.44528279
928,47090.55679348211,1979.937101874748,44886121.61510392,24782612.44528279
929,46834.48192856723,1991.0246145645283,51217141.01779262,24782612.44528279
930,46768.11029742771,2070.2826426362303,63132508.51117498,24782612.44528279
931,46898.142880957705,1999.2932518453588,53940031.97371928,24782612.44528279
932,47845.35653870786,2803.825267826968,95536468.69113141,24782612.44528279
933,46823.384907171465,2053.959457500427,57711682.54421328,24782612.44528279
934,46834.61204376046,1782.5922551036888,31536775.051392835,24782612.44528279
935,47760.36916095661,2890.085363508484,110092668.21928096,24782612.44528279
936,46772.611959141774,2037.7041206239744,57394454.57243023,24782612.44528279
937,46830.56187867271,2010.432735287775,56229484.816291824,24782612.44528279
938,48028.29730138603,2953.3884986810094,114986364.75890808,24782612.44528279
939,46858.25969137156,1821.224647962573,37477648.10136109,24782612.44528279
940,47855.815626820244,2729.3410235488236,89580753.02641818,24782612.44528279
941,46926.46239934773,2167.7653052062296,64606598.14059062,24782612.44528279
942,46823.384907171465,2086.2831512813596,64269288.465957105,24782612.44528279
943,46882.68783842595,2002.3896005790448,54006447.28581111,24782612.44528279
944,47685.853595237546,2773.3619240653607,97488021.55038023,24782612.44528279
945,47746.507461295,2848.9959417331734,99649456.05036275,24782612.44528279
946,47136.34973854311,2218.053473712804,73564316.73022866,24782612.44528279
947,47035.40643922702,2075.2744913452198,65768524.360324204,24782612.44528279
948,46823.384907171465,1981.8631934491543,51682916.84312677,24782612.44528279
949,47828.925812380076,2911.503703243844,105319789.97290131,24782612.44528279
950,46724.869710123065,2038.4916145644597,56326382.442030154,24782612.44528279
951,46823.384907171465,1887.533921574653,44142143.29764805,24782612.44528279
952,47577.000455525544,2637.528324409309,85346665.99253993,24782612.44528279
953,46818.29749856841,1846.205169934951,37300463.77139972,24749653.398730993
954,46823.375368962115,2165.2233687649127,67510805.4153976,24749653.398730993
955,47757.14982549069,2854.331707835513,99677679.007872,24749653.398730993
956,46948.022390457605,2046.2312262428397,53907302.31336194,24749653.398730986
957,46761.11325900379,1949.2074304179964,45732626.512667134,24749653.398730986
958,46947.273259982336,1960.0414412243706,45867421.21043859,24749653.398730986
959,46771.06873505801,1913.579464704018,49139967.61694443,24749653.398730986
960,46940.54076003762,2046.952218814913,51425373.89671246,24749653.398730986
961,46861.70516934851,1847.2150224764875,34519490.14162213,24749653.398730986
962,46761.11325900379,2017.9732643432646,54495750.59026116,24749653.398730986
963,46735.06759545336,1877.2243780614015,43531033.22548032,24749653.398730986
964,46871.125509921905,1912.08557708609,47448590.5641207,24749653.398730986
965,46966.13204034447,2249.0792536717963,73167378.30213977,24749653.398730986
966,46804.838253884,1938.9630625927596,50184700.5643514,24749653.398730986
967,46991.10736317709,1940.7103468695102,46417558.87457386,24749653.398730986
968,47036.94416076147,1912.797470820123,40764151.3285444,24749653.398730986
969,48658.81995301538,3519.2904893087252,134893206.52225414,24749653.398730986
970,46894.72240124012,1797.939365011162,34547595.227592394,24749653.398730986
971,46944.587178226415,2052.297861739839,61332808.24920622,24749653.398730986
972,46716.47382623464,2106.9842652892175,67459372.31975295,24749653.398730986
973,47652.44119808744,2754.9951674008257,91912886.81321602,24749653.398730986
974,46683.71955186956,1943.5325634066198,50920706.28770797,24749653.398730986
975,46768.59315647841,1962.601678727478,49929094.153688945,24749653.398730986
976,47753.850174012754,3031.7458108891115,119924809.30779037,24749653.398730986
977,49571.39302912364,4448.641882693342,198520645.67670915,24628423.55886406
978,47751.140995738286,2867.375778196839,108635172.4918929,24615122.125159204
979,46792.215976553285,2069.198137043728,58644901.59678699,24615122.125159204
980,46838.94324452638,1821.6450116898989,35226013.375681564,24615122.125159204
981,46842.31143093941,2002.6320856773946,53236221.3770818,24615122.125159197
982,46783.63205397959,1934.18586552228,49233855.57061644,24615122.125159197
983,46750.40116996724,2003.7881758032731,50586090.93894287,24615122.125159197
984,46884.3877487268,2086.1028360276823,60606025.44115635,24615122.125159197
985,46938.16735659796,1974.5399393977382,45601431.16347309,24615122.125159197
986,47688.5275563743,2708.731481875852,93164045.27986044,24615122.125159197
987,46755.19418425368,1955.7132893122682,48548692.65798627,24615122.125159197
988,47551.43608609987,2757.2326134891036,96496853.97798952,24615122.125159197
989,46741.04989668106,1759.7297082375972,29619170.77914217,24615122.125159197
990,46735.85829916061,2000.0618514502614,53511808.75378849,24481078.231649745
991,46731.237308316515,2078.38909312971,63436914.644967295,24481078.231649745
992,47668.846560516205,2726.608203819077,88630257.57279834,24481078.231649745
993,48549.29301182424,2898.231048223045,119004454.37941098,24481078.231649745
994,46775.43443526522,1987.1213748281757,49820774.49441837,24481078.231649745
995,46909.7197721857,1976.6038458368753,54079904.239137426,24481078.231649745
996,46819.29242259037,1981.9031389989464,45443600.39194962,24481078.231649745
997,47628.91681959789,2677.290977617483,86146428.45431915,24481078.231649745
998,46947.99080315756,2042.8158389148655,56226553.28198053,24481078.231649745
999,46790.83800446921,1974.089541957439,51643909.63343309,24481078.231649745
1000,46775.168092551394,1801.664561764117,34202847.179479204,24481078.231649745
1001,47702.97356561701,2746.9434973673965,92945178.82902847,24481078.231649745
1002,46756.16120331903,1950.9179873519465,51116205.093556866,24481078.231649745
1003,46764.63577782685,2063.565697385623,61612600.124431,24481078.231649745
1004,46844.73143485804,1885.1004149153625,36801152.197555885,24481078.231649745
1005,46818.27986695232,1980.8209285738635,50958678.735166036,24481078.231649745
1006,46910.71575287647,1953.0481088524862,44777985.12422388,24481078.231649745
1007,46842.47446321476,2134.680184858446,72530451.95907715,24481078.231649745
1008,46796.01631749204,1815.5374008071278,32086798.47297577,24481078.231649745
1009,46863.021734235626,1919.758754266753,46569189.10718267,24481078.231649745
1010,46804.96634372465,1917.4318357629163,40432935.595046595,24481078.231649745
1011,46735.85829916061,1790.8467881317024,32074128.202935994,24481078.231649745
1012,47798.94313156755,2935.5472156266123,115197403.85501528,24481078.231649745
1013,46743.33819663523,1962.8172518566557,51117230.14567026,24481078.231649745
1014,46877.905665792394,2041.1768679310753,55193444.08730946,24481078.231649745
1015,47747.255913365116,2908.4876329892713,101544731.44124193,24481078.231649745
1016,46837.18637003458,2178.910293384145,71115182.24205881,24481078.231649745
1017,47627.97691783223,2767.6135463379633,103599579.5865706,24481078.231649745
1018,46902.73730218918,1827.0856653279807,34630641.57680681,24481078.231649745
1019,47050.171662049914,1956.8456355067333,43930467.56483688,24356699.93520503
1020,47101.90915100284,2097.588322269972,62562319.96658181,24356699.93520503
1021,47123.95687830949,1848.2628570181707,40144287.52734028,24356699.93520503
1022,46905.955883636314,2017.2632367440324,60172040.010562256,24356699.93520503
1023,47109.923948958065,2105.893068959212,64871715.610340275,24356699.93520503
1024,47178.29317146066,1906.3939837987778,44222242.94525741,24356699.935205027
1025,47185.1055353853,1849.1920349426211,39237321.68814005,24356699.935205027
1026,48003.00101869219,2955.7237306536194,116105410.91861597,24356699.935205027
1027,47082.19769600044,2045.239994353887,60738975.04182144,24356699.935205027
1028,47338.77285257046,2263.0799341693137,72307185.63673434,24356699.935205027
1029,48099.258240481024,2854.5160414035863,103857973.72455356,24356699.935205027
1030,47096.80684274515,2087.378061728692,57667188.47798046,24356699.935205027
1031,48013.05207036447,2767.923504714653,94733512.0187856,24356699.935205027
1032,47070.479822698035,2023.6109027958441,56509084.67771603,24356699.935205027
1033,47172.672761123715,2152.0397552091845,69680338.7013944,24356699.935205027
1034,47064.71403973237,1787.5638929695554,33413727.615225375,24356699.935205027
1035,47854.65164641861,2829.3216351278743,102680837.51969214,24356699.935205027
1036,47152.19673930296,2038.1522696549334,61097891.70061795,24356699.935205027
1037,47196.73710177752,1983.6677798267588,53598673.97261692,24356699.935205027
1038,47227.807323807494,2148.949737875377,67485615.61571924,24356699.935205027
1039,47196.18148913855,1978.253435110663,52096680.01129649,24356699.935205027
1040,47198.06195518641,1871.4727383947516,37817939.169954635,24356699.935205027
1041,47038.38126740612,1808.5340124340632,32290931.52208998,24356699.935205027
1042,47266.06607449074,1831.6192393954611,39482843.45771966,24356699.935205027
1043,48778.65062361023,3539.4763638138334,133483949.63977472,24356699.935205027
1044,46982.1568509779,1862.7591084209496,40271723.86184185,24356699.935205027
1045,48037.13710695863,2749.3600097283816,93631857.62722275,24356699.935205027
1046,47097.71581083592,2005.8215098140815,55560321.52143152,24356699.935205027
1047,46998.554669693134,1855.2868217401997,40190534.074019216,24356699.935205027
1048,48099.594592798625,2840.8575444016838,101077153.47673261,24356699.935205027
1049,47140.56272170415,2029.4406562323445,57518236.27396345,24356699.935205027
1050,47132.43127529251,1969.904541122854,52866855.889170915,24356699.935205027
1051,47203.444245765095,1940.3674964607053,47858983.51070617,24356699.935205027
1052,48181.402408962924,2981.2759668679746,118757371.39003806,24356699.935205027
1053,48145.13047028091,2755.064750249404,90289140.54699036,24356699.935205027
1054,47076.71791432516,1943.8183178215047,46116352.924791574,24356699.935205027
1055,47246.30598965899,1945.2187463973628,45164814.690393314,24356699.935205027
1056,47229.792796371876,2109.009370047699,57650990.806266464,24356699.935205027
1057,47319.73642986056,2051.3361490544858,49673327.29295806,24356699.935205027
1058,47081.70171576005,1930.310428045388,46242593.48757883,24356699.935205027
1059,47215.28758613663,2149.583663530184,65647200.66243805,24356699.935205027
1060,47142.57987639897,1894.897838801126,43607382.27435871,24356699.935205027
1061,47057.71715249921,2053.524921969384,60706355.70199903,24356699.935205027
1062,47992.42053631619,2747.2142366755725,89550379.24302547,24356699.935205027
1063,46993.74183463697,2015.0833995126704,55923031.344761,24356699.935205027
1064,47159.40989736552,1905.8703424124208,41938465.09885969,24356699.935205027
1065,47151.34120665486,2040.0429993921075,53115928.897675164,24356699.935205027
1066,47306.65317941407,2022.009558450311,54015864.295560464,24356699.935205027
1067,47121.493348165175,1966.254671260218,48847859.20591022,24356699.935205027
1068,47924.70056180753,2635.875203025559,83771740.35102873,24342141.665572483
1069,47855.80252962501,2784.2293909697655,97080443.670355,24342141.66557248
1070,47199.99695382301,1952.6630478469572,47727216.43097527,24342141.66557248
1071,48278.1109134238,3061.736622673986,109082588.5178103,24342141.66557248
1072,47293.29615461432,2030.35943728624,59161186.61952616,23724719.95533764
1073,47145.483026068025,1804.6046339887948,32767529.77988125,23724719.95533764
1074,49995.10394549933,3639.1122262879953,150395537.40526628,23724719.955337636
1075,47143.28698562977,2089.40191290359,59909646.24409368,23724719.955337636
1076,47936.43519578975,2851.4600855041444,98223255.50362566,23724719.955337636
1077,47087.18129526054,1977.4808018755527,50296999.67387344,23724719.955337636
1078,47097.282433762506,1963.0504757388303,54578999.706008874,23724719.955337636
1079,47234.94070410308,2025.3499821440832,54979630.35182278,23724719.955337636
1080,48842.46549615505,3676.707671993274,149795913.2902002,22662695.99414946
1081,47261.18464255668,2119.3376360030657,61383913.225109205,22662695.99414946
1082,47159.46839253896,1921.3831995158162,46308403.28044571,22662695.99414946
1083,47183.2961119582,2026.2752770552422,52075789.75917729,22662695.99414946
1084,47119.40256646705,1937.2594022338344,48721772.39210045,22662695.99414946
1085,47067.422382359626,2011.520006709527,51052883.81422125,22662695.99414946
1086,47089.17957262645,1795.9270455018407,33269503.99302272,22662695.994149458
1087,47083.600984371486,1892.17799923158,44432410.307825,22662695.994149458
1088,48054.51191649834,2758.954476382672,89628630.98307855,22662695.994149458
1089,47102.32968651697,2010.802221053314,54105334.43956455,22662695.994149458
1090,49022.963525364234,3781.5445804968067,156314367.24391252,22662695.994149458
1091,47297.613018822805,2112.0300839073952,60701832.18099121,22662695.994149458
1092,47134.9373793726,1928.2389729838428,47122947.93121069,22662695.994149458
1093,48064.966045757974,2873.8973394104405,102271808.55191514,22662695.994149458
1094,47063.15230598771,2044.3415156096394,60722598.41653009,22662695.994149458
1095,48003.38592772046,2758.748644580836,99437916.16984805,22662695.994149458
1096,47071.21902302939,1883.5710764994594,42879755.08161762,22662695.994149458
1097,47240.256894907834,2068.1543457287476,58581511.854793325,22662695.994149458
1098,47193.75293491296,2002.5623045395598,51073313.80229706,22662695.994149458
1099,47283.32549266271,1922.5856857741087,47058975.1971183,22662695.994149458
1100,47292.36721454903,1879.1825274938824,39713012.25700444,22662695.994149458
1101,48108.29454386652,2994.564928995153,116176601.42735687,22662695.994149458
1102,48092.263042301565,2840.292149020775,105647332.61396948,22662695.994149458
1103,47160.2598955416,2007.9499367223484,50249087.81597075,22662695.994149458
1104,47959.172208825,2882.768552355749,108388061.53352031,22662695.994149458
1105,47088.07646921588,2002.8009929286213,55586644.61029154,22662695.994149458
1106,47177.79476831006,1902.7727164265539,43252202.41787319,22581842.70404352
1107,48078.267661214835,2827.7458146016515,96594292.274028,22581842.70404352
1108,47344.052379140885,2006.609931707523,53235856.21410612,22581842.70404352
1109,47207.98834542045,1903.5315504635132,42517528.76786681,22581842.70404352
1110,47113.72213682501,1939.9631907580963,46875527.03572776,22581842.70404352
1111,47089.17957262644,2094.6450579353705,63349102.63272111,22581842.70404352
1112,48901.934353814344,3611.2391578646966,139223345.22236094,22581842.70404352
1113,48088.87285928835,2988.8618985396797,113869237.16941006,22581842.70404352
1114,47985.97838673524,2665.2949091543314,86528710.99940154,22565485.72883561
1115,47909.66639116604,2655.242620981219,82400339.55303779,22565485.72883561
1116,47324.27635270615,2052.9438605957275,52773004.61038146,22565485.72883561
1117,47085.91231461478,2009.0111830705912,57922297.8527859,22565485.72883561
1118,47171.55937570561,1773.2260753222447,32853709.887307804,22565485.72883561
1119,47104.038160768425,1883.304592357635,43949575.960115,22565485.72883561
1120,47302.614870599165,2103.9574796817965,60736235.95122163,22565485.72883561
1121,48795.91684143658,3515.7154104126275,138799256.7107993,22565485.72883561
1122,47282.65068360246,1917.394628237115,43281829.17350626,22565485.72883561
1123,47179.23298907552,1877.0889072251732,37267057.363278344,22565485.72883561
1124,48032.81568902284,2789.4262983897365,95842087.414282,22565485.72883561
1125,47103.152133868905,1961.0788889247185,50586612.69723157,22565485.72883561
1126,47092.79372949451,1845.3457247004685,38711550.99896183,22565485.72883561
1127,48091.18869574189,3051.0993063306496,118895436.01221442,22565485.72883561
1128,47069.195084268125,2038.560936874142,59784776.95018105,22565485.72883561
1129,49007.65655815409,3711.957940252415,148193348.9907989,22565485.728835605
1130,47089.17957262644,1936.5562984174096,46715214.309966035,22565485.728835605
1131,47089.199367251145,1944.671470675678,51911787.58970543,22565485.728835605
1132,47161.442304193384,2007.0855995146048,54687006.04654529,22565485.728835605
1133,47341.64573958869,2096.68901665059,65969161.23193767,22565485.728835605
1134,47321.365299531724,1974.1378434973,40713468.4304616,22565485.728835605
1135,47854.46585198693,2778.359209367695,96057136.49593063,22565485.728835605
1136,47106.828268828,1938.0841704649306,48764609.18066774,22565485.728835605
1137,47257.3360544493,2048.5510698768035,55956819.95335424,22565485.728835605
1138,47178.979331624985,1970.8006458641423,51272723.12724763,22565485.728835605
1139,47140.91234216055,1873.8101144629036,39288126.00676094,22565485.728835605
1140,47234.793039647644,1998.9651150757702,52256864.839450225,22565485.728835605
1141,47110.45288385275,2058.283525608808,57780732.64705978,22565485.728835605
1142,47273.488094187094,2066.6952652166465,57196467.27637303,22565485.728835605
1143,47180.04694445191,1802.0483656124568,33366496.747187637,22565485.728835605
1144,47161.668157724176,2108.970471581327,65989100.35755227,22565485.728835605
1145,47096.73928727268,1991.4974151818146,51059242.94772367,22565485.728835605
1146,48132.78887087471,2985.7610133519374,114335338.7078614,22565485.728835605
1147,47174.65317064207,1932.1869195022737,44741681.13145912,22565485.728835605
1148,47063.910624563825,1963.4504439238237,51360188.23954593,22544741.27422799
1149,47426.98922347601,1908.7594020199479,43217492.94525547,22544741.27422799
1150,47272.71839745964,2130.753698673195,61526286.79704662,22544741.27422799
1151,50132.724034036735,4660.252097591912,216450915.80083975,22544741.27422799
1152,47304.84232538169,2116.8476920099183,62767583.35460552,22544741.27422799
1153,48045.29117213144,2716.715477712368,91629314.26485763,22544741.27422799
1154,47539.596840121805,2209.311803594649,63866618.41541588,22544741.27422799
1155,47220.66717022896,1896.012710588658,44575216.97762282,22499964.147241972
1156,47068.52071521654,2008.220971943707,54192615.29465586,22467321.228877857
1157,47053.618047235585,1891.8814919851243,43867658.26331824,22467321.228877857
1158,48052.39811939505,2594.720706881705,78635319.96950398,22467321.228877857
1159,47100.146754575464,2058.2306267655376,58705355.75371112,22467321.228877857
1160,47067.856818062675,1863.7545891926857,39791357.78429935,22467321.22887785
1161,48009.40854052487,2666.4830842907727,81713308.41259198,22467321.22887785
1162,47121.26848971423,2282.045685933692,82445601.9840332,22467321.22887785
1163,47138.59275196591,2191.6910815735882,69347122.2830067,22467321.22887785
1164,47141.842223126165,2010.6627197784496,53417681.26189424,22467321.22887785
1165,48166.906633445,2894.098111389451,99229410.87737401,22467321.22887785
1166,47138.26724134818,1903.2602286542722,41554317.73280372,22467321.22887785
1167,47165.87102574915,2070.958558047054,60953880.39521474,22467321.22887785
1168,47088.92178947588,1924.689124073256,48533095.78334169,22467321.22887785
1169,47148.223300664846,1883.5894018698757,41597785.67132795,22467321.22887785
1170,47145.565406844384,1944.0574753148244,49671937.95508498,22467321.22887785
1171,47143.453342450084,1984.724221217568,52675055.179921746,22467321.22887785
1172,48041.18336583382,2662.589869930752,81263978.99237901,22467321.22887785
1173,47240.67476878336,2054.595434401407,58360666.158359826,22436621.170475647
1174,47130.70632938559,2085.004603204065,62087197.26554783,22436621.170475647
1175,47296.70743574285,1984.5592665374782,53186597.93618477,22436621.170475647
1176,47299.48244143005,2057.7589803916935,55359920.57279345,22436621.170475647
1177,47963.46079785334,2960.594283346114,107532291.76800373,22436621.170475647
1178,47097.31997375151,1934.5896926019304,50110230.49039912,22436621.170475647
1179,47027.42204468853,1848.4676434146902,36866677.69714018,22436621.170475647
1180,48162.71537701014,2757.0627340021124,98295350.2355816,22436621.170475647
1181,48230.61369116879,2711.9116192975316,94281644.62369964,22436621.170475647
1182,48045.05912241224,2735.6791374948475,92841860.84159876,22436621.170475647
1183,48008.9841700064,2780.7874081713944,102513301.4632827,22436621.170475647
1184,47120.120605379205,1881.823057862471,41184713.90133622,22436621.170475647
1185,47975.842568163745,2825.6919222728584,103225706.93298845,22436621.170475647
1186,47493.78366195285,2162.7370409830437,66790755.925751045,22436621.170475647
1187,47056.774917799456,1998.4370121370757,54169176.73376478,22436621.170475647
1188,47017.00156679908,1971.4684563366377,50444207.361142345,22436621.170475647
1189,47215.71458798062,2020.170152892008,56410565.08498722,22436621.170475647
1190,48093.49416376882,2946.8206246324717,112718725.21681121,22420948.2961175
1191,47115.182389991416,1882.6970366640828,44018287.21051954,22412943.445872188
1192,47950.3989553438,2722.504511270642,89781093.12871763,22412943.445872188
1193,47121.30568038623,1986.8707307101351,52221486.809025586,22412943.445872188
1194,47168.12399691299,2106.671832822447,58904727.142940305,22412943.445872188
1195,47066.76729211819,2006.312985689062,57629769.3093678,22412943.445872188
1196,47130.83696627397,2058.2073124594613,57621787.60206952,22412943.445872188
1197,47217.6253432133,1939.9967543741418,41898304.35500041,22412943.445872188
1198,47173.09409487607,1982.5231509947323,51354850.304845676,22412943.445872188
1199,47955.22589385935,2693.0591874574006,96676690.6854128,22412943.445872188
1200,47150.957194046336,2032.0675641528646,56695353.71632977,22412943.445872188
1201,47059.287394643565,1832.1075278126075,38661315.36493453,22412943.445872188
1202,47069.79681393809,1905.925312014068,44361223.433515325,22167804.23970652
1203,47505.8499366122,2042.5334131044776,58635766.86422511,22167804.23970652
1204,47506.04519181467,1882.3794247878054,44627359.66032525,22167804.239706516
1205,47446.68213836269,2100.1490302884185,66133450.424493566,22167804.239706516
1206,47518.58020723752,1894.7710103318846,38694292.33434665,22167804.239706516
1207,47480.46996000176,1966.5131694673644,47319620.41876079,22167804.239706516
1208,48499.1162814703,2831.470802846034,98596174.30270472,22167804.239706516
1209,48610.988061830554,2903.3680472532556,99723393.39920713,22167804.239706516
1210,47627.35444048394,2068.019238130403,56429357.87866421,22167804.239706516
1211,47344.29781537684,1960.4944651875062,53256622.527006686,22167804.239706516
1212,47542.63444320076,2005.7256585596574,47085245.09812714,22167804.239706516
1213,47460.47766608591,1903.9403345678516,40954838.71503799,22167804.239706516
1214,48265.583883990555,2980.942347050102,112695129.04799895,22167804.239706516
1215,47412.46071092135,2164.2517132351627,69282474.35024014,22167804.239706516
1216,47568.91953450047,1919.1882600779943,43050050.61158214,22167804.239706516
1217,47386.88561419921,2064.855769673457,60587166.117487416,22167804.239706516
1218,47477.55173304844,2099.7976453993056,58219082.94035232,22167804.239706516
1219,47495.28841594573,1992.8260188065462,48256501.777922586,22167804.239706516
1220,48422.09795528826,2895.5352420030486,109668788.60282786,22167804.239706516
1221,47550.67564361667,1992.1916639684582,49954795.15435872,22167804.239706516
1222,48346.978991939475,2760.5317438408706,93671110.65877539,22167804.239706516
1223,47386.8856141992,1938.4733289251694,46096174.07232419,22167804.239706516
1224,47485.55672661848,1921.4489323432044,44008674.57157816,22167804.239706516
1225,47443.757525090805,1866.5267094360631,37860812.392004296,22167804.239706516
1226,47447.09356494267,1976.5127693102154,48878525.55930283,22167804.239706516
1227,47461.328919803906,1914.6786307910068,45481937.42917966,22167804.239706516
1228,47579.47870403504,2127.9290214514003,58330361.00766252,22167804.239706516
1229,47386.8856141992,1972.0334856256595,49379899.90104559,22167804.239706516
1230,48408.404281829884,2681.2201431326066,84397579.26147091,22167804.239706516
1231,48325.66587682909,2868.096893796455,106805264.21192025,22167804.239706516
1232,47440.01068495954,1977.0209612004187,49745302.27954824,22167804.239706516
1233,47522.89329336593,1983.7580288752483,49000263.62511836,22167804.239706516
1234,48297.88324987462,3009.251737017533,123536569.3728147,22167804.239706516
1235,48433.064611775524,2841.266702798076,99151993.5644982,22167804.239706516
1236,47439.32297437107,1835.8075544421856,36815034.99266853,22167804.239706516
1237,47474.109448433606,2073.9443573337776,61254181.993862286,22167804.239706516
1238,47452.288048373455,1952.0295855301472,46461653.346770234,22167804.239706516
1239,48252.6941707878,2865.3250314964653,105352171.999256,22167804.239706516
1240,47421.82565229942,2114.1864940102673,63208744.273297444,22167804.239706516
1241,47497.26707116053,2024.4044369766157,55991404.77325602,22167804.239706516
1242,47562.995949562646,1984.6950602618854,45804968.448127195,22167804.239706516
1243,47460.74523047115,2098.632616186805,62843724.630443074,22167804.239706516
1244,48307.285802008875,2792.6513027269666,95939025.85118875,22167804.239706516
1245,47451.01031925004,1934.48144132151,50683395.73947715,22167804.239706516
1246,47353.446537559335,1954.3834636081617,48532349.655107744,22167804.239706516
1247,47386.8856141992,2041.4863923979199,61429086.00274181,22167804.239706516
1248,47484.895600544995,1924.6786885539113,41495086.39398746,22167804.239706516
1249,47512.286378999954,1818.0272533515713,34852048.00206174,22167804.239706516
1250,47489.0669540499,2100.717705249641,62583684.28213254,22167804.239706516
1251,47386.8856141992,1847.29098682265,36691482.79196509,22167804.239706516
1252,47386.8856141992,2128.3708887287967,72828557.10428181,22167804.239706516
1253,47443.991082946086,2090.531277892645,62451433.93976176,22167804.239706516
1254,47474.87110800985,1833.952934066741,31358317.13720862,22167804.239706516
1255,47467.653626352796,1931.9523698057342,47935152.89915327,22167804.239706516
1256,48462.02832629064,2808.112772359242,100412034.92358378,22167804.239706516
1257,47508.45442371731,2046.4841757833115,58549915.75143971,22167804.239706516
1258,47731.99686975157,2343.335821196776,75003004.18760817,22167804.239706516
1259,48330.36605631759,2746.2933674772494,89204196.07009217,22167804.239706516
1260,48414.50481394808,2865.451130136746,103590769.45066698,22167804.239706516
1261,47418.67932409613,2057.991966213524,55223918.8012995,22167804.239706516
1262,47403.77289266063,2071.078021143309,57601573.11538007,22167804.239706516
1263,47505.578466154795,1914.940085122706,43827706.20572798,22167804.239706516
1264,47544.74782744704,2094.371354409083,56877748.11033259,22167804.239706516
1265,47537.13509682368,2075.4008124533125,59210099.43721404,22167804.239706516
1266,47386.8856141992,1978.7959306535354,54730718.258521795,22167804.239706516
1267,47385.549546092676,2066.6857865044963,62337444.882814705,22167804.239706516
1268,48233.6708959001,2571.8429778101527,75874030.2273861,22167804.239706516
1269,47393.724133985495,1927.1476938020012,49743309.11465515,22167804.239706516
1270,47494.02949560166,1980.828186501006,49671800.69572191,22167804.239706516
1271,47472.20376784245,1889.0941060716075,40823179.16957246,22167804.239706516
1272,48304.87637851039,2561.750442182642,78922084.09765215,22167804.239706516
1273,47386.8856141992,2037.7957728525755,60694079.62908803,22167804.239706516
1274,47456.19253064413,2134.5768619531473,63885059.53109716,22167804.239706516
1275,48310.74336786366,2718.9336129127864,90322250.48519401,22167804.239706516
1276,47395.69731000626,2042.0852207362968,59500801.68828912,22167804.239706516
1277,48262.35668001502,2813.081648164988,99918977.95459631,22167804.239706516
1278,47420.103250812565,2066.9595134323413,60728142.63033666,22167804.239706516
1279,47418.68787573811,1921.5329396062202,47536000.043998234,22167804.239706516
1280,47386.8856141992,2089.766402973375,62859233.568931475,22167804.239706516
1281,47569.89695959787,2117.4466667333463,60410592.78407729,22167804.239706516
1282,47569.0943172081,2266.5414514306594,71703042.54829845,22167804.239706516
1283,47386.8856141992,2087.4008555921737,63644547.35853964,22167804.239706516
1284,47359.933764865506,1914.399897178535,46452030.322503954,22167804.239706516
1285,47386.8856141992,2007.0325146057555,53799901.792340055,22167804.239706516
1286,47584.080997350524,2010.7038096959418,50137148.27296989,22167804.239706516
1287,47387.03021063962,1922.8369614315616,39651557.40539096,22167804.239706516
1288,47369.99228179051,1996.8742616390111,52506489.58587566,22167804.239706516
1289,47397.39580309072,1980.6397709511627,50120123.40588442,22167804.239706516
1290,47385.322650870905,1966.290721963437,48073215.09455419,22167804.239706516
1291,47531.160650017344,1925.4029590717444,42202702.408290684,22167804.239706516
1292,48293.260811814594,2932.9652646686545,109140548.19123909,22167804.239706516
1293,47613.97813391465,1976.6029165805237,45250690.52144589,22167804.239706516
1294,47519.1449123808,1880.5944262837934,43156720.188264236,22167804.239706516
1295,47472.20376784245,2010.919342049699,50708044.84089659,22167804.239706516
1296,47433.18517601944,2084.4491441841324,60766048.27580216,22167804.239706516
1297,47386.8856141992,1893.3531449939078,40417190.89143078,22167804.239706516
1298,47472.20376784245,2023.0839714455492,58888094.75887849,22167804.239706516
1299,47475.392033708085,1892.4336426126533,39944369.21583863,22167804.239706516
1300,47487.43356043339,2011.7339493656182,50651525.81475131,22167804.239706516
1301,47574.8128111304,2192.819708446218,67192225.76701045,22167804.239706516
1302,47532.97421831258,1862.4555873510558,43456588.07529647,22167804.239706516
1303,47547.60606074966,2026.7831732633215,51054108.3849418,22167804.239706516
1304,47529.177609349674,2025.3619784862083,49303416.664097235,22167804.239706516
1305,47464.477363021964,2028.506626029465,54317874.19653906,22167804.239706516
1306,47463.928786519835,2075.541462406026,63467763.9804947,22167804.239706516
1307,47466.943384880215,1971.073506950205,49896282.76241368,22167804.239706516
1308,47515.00447372743,2001.018608476585,51842108.93735447,22167804.239706516
1309,48461.933347914426,2873.412926667716,103782646.32336591,22167804.239706516
1310,48228.90902030936,2697.8775628643625,91570671.12661296,22167804.239706516
1311,47557.84997724375,1973.4148043240853,46044642.14564486,22167804.239706516
1312,48225.259916219846,2810.9752616834,99590049.7656405,22167804.239706516
1313,47386.8856141992,2016.5919370411375,54154621.39899896,22167804.239706516
1314,47379.93391604772,2025.6508661579617,53949712.299676634,22120260.758544493
1315,47300.06861234134,1940.6003118329306,46507695.95775904,22120260.758544493
1316,47444.96014576805,1978.67548885627,53908549.452456035,22120260.758544493
1317,47257.32514125139,1991.8668615851298,55411564.02050628,22120260.758544493
1318,47345.69389007437,2129.204837953982,61976193.41819557,22073508.000699434
1319,47577.725049463515,2238.5117241464104,73259585.31707898,22073508.000699434
1320,48238.618814026784,2965.6846416618628,119515299.12819462,22073508.000699434
1321,47185.31377409453,1892.733456851152,39966533.022236496,22073508.000699434
1322,47206.428113893344,1881.6032598139304,45037912.84817758,22073508.00069943
1323,47182.636477252476,1877.990495200517,40003841.26212291,22060983.482255816
1324,48029.87126045223,2827.493670366567,101059367.0167881,22060983.482255816
1325,47292.564657368916,2154.0025626815586,69029566.23988435,22060983.482255816
1326,48941.00973920441,3627.078169173212,143272933.61690784,22060983.482255816
1327,47244.539628617684,1989.8791791458848,54719926.49317296,22060983.482255816
1328,48037.609943188254,2768.4782729730628,93763777.57163392,22060983.482255816
1329,47184.11590239621,1840.8095980493804,37326200.156761706,22060983.482255816
1330,47186.92513482532,1976.047641709197,50808149.71781356,22060983.482255816
1331,47207.197288613206,1956.0783276411719,49218336.716135904,22060983.482255816
1332,47327.223041627316,1984.6801120702287,49230009.935301214,22060983.482255816
1333,47158.54080567406,1986.675986608606,51728992.89734158,22060983.482255816
1334,47284.14617709448,2115.5143101953336,62066590.94012678,22060983.482255816
1335,48123.93369286647,2895.555393551763,110104994.14009252,22060983.482255816
1336,47336.13594494312,2005.4821639863846,52160337.71439421,22060983.482255816
1337,47328.68577164486,2079.0733585470985,64705871.95731205,22060983.482255816
1338,47241.04386393858,2117.8823312286977,68601503.84200005,22060983.482255816
1339,47155.28901086951,1981.0989232773513,53841408.45885104,22060983.482255816
1340,47270.50331816402,1928.0949424127623,43163897.9861395,22060983.482255816
1341,48050.01334119813,2694.1048814766414,82361262.7546747,22060983.482255816
1342,47304.05827043683,1921.1687640933324,45339258.28544894,22060983.482255816
1343,47218.03046133687,2040.1808620660145,53150789.93475846,22060983.482255816
1344,47158.54080567406,2015.64945698714,52667735.81412155,22060983.482255816
1345,47191.595854332074,2051.077875240231,56664869.75849476,22060983.482255816
1346,48022.508955195044,2666.3914351474677,81466919.8729098,22060983.482255816
1347,48116.2583365791,2808.845494324766,102718870.40267682,22060983.482255816
1348,47250.73519163331,2064.002555750821,58390804.66445154,22060983.482255816
1349,48070.24978786453,2906.1966173013698,103014314.1611935,22060983.482255816
1350,47175.18411277683,2048.7254827319643,60171720.69750291,22060983.482255816
1351,48151.33745483197,2839.5473460421317,103012845.49224658,22060983.482255816
1352,48153.536770994666,2707.4989877030484,83103633.88473187,22060983.482255816
1353,47263.27038957487,2075.2565700094915,58460016.49352862,22060983.482255816
1354,47197.566660159304,2034.7224323739465,51156594.8125978,22060983.482255816
1355,47198.42515354719,1900.5197360602865,45536540.19604175,22060983.482255816
1356,48202.42907424669,2933.221559731156,111104216.28960848,22060983.482255816
1357,48163.06871144877,2827.213947436241,99706381.5587029,22060983.482255816
1358,47176.30182086904,1888.9149519399812,42805416.35254127,22060983.482255816
1359,48048.0952921009,2814.265184721778,103423614.22753462,22060983.482255816
1360,47244.8341776423,2015.9489903827866,54697386.25103201,22060983.482255816
1361,48295.748331567025,2834.117584811427,101117325.58176287,22060983.482255816
1362,47335.84718852518,2017.9667055896352,53191603.26466057,22060983.482255816
1363,47158.54080567406,2078.077811297618,61135574.74069242,22060983.482255816
1364,47158.54080567408,1950.2424861274424,50342658.21264176,22060983.482255816
1365,47239.34986138069,2174.6794792424203,74167404.29620886,22060983.482255816
1366,47443.05868875666,2063.853396278047,59259522.067193985,22060983.482255816
1367,47158.54080567406,1897.7900164315565,41550852.073746525,22060983.482255816
1368,48115.07290125295,2838.989325455488,99025850.65222292,22060983.482255816
1369,47158.54080567406,1873.256424113203,40856086.11039027,22060983.482255816
1370,48037.60994318826,2960.5100239857247,115875838.53106435,22060983.482255816
1371,47165.37932546035,2063.6277255159685,61430917.335450806,22060983.482255816
1372,47271.76961765331,1859.5996851372117,36978123.4015494,22060983.482255816
1373,47187.81910031133,2076.709687925131,59300168.929233864,22060983.482255816
1374,48019.47432957442,2771.7436048999525,99184122.65495719,22060983.482255816
1375,47218.04655810406,2002.592548574476,53760157.22473893,22060983.482255816
1376,48055.33961978287,2936.4754476169496,107875088.76105662,22060983.482255816
1377,47158.54080567407,1814.4923456951208,36815682.28024836,22060983.482255816
1378,47196.07683147259,2024.42160565724,56021534.73554597,22060983.482255816
1379,47289.751728333766,1942.2148992097768,46086320.4770685,22060983.482255816
1380,47118.106032299926,1991.7980541785412,52846870.81461306,22060983.482255816
1381,49113.367896021824,2974.619126136241,112693191.33118622,22060983.482255816
1382,47293.121388457985,2039.049981646028,56501647.41731034,22060983.482255816
1383,47339.562119709175,2041.1507783316545,55301848.097306706,22060983.482255816
1384,47475.08227879304,2395.6638649176775,82290620.30342484,22060983.482255816
1385,47255.355434536046,1987.4242786129969,46034231.93159154,22060983.482255816
1386,47372.674636575066,2015.3549643265392,52508963.34990832,22060983.482255816
1387,47167.6782675819,2107.0841157329396,64350522.46472486,22060983.482255816
1388,48135.3793176527,2702.180370480041,87374771.62588039,22060983.482255816
1389,47306.22532540279,2094.167643119623,56484353.938080445,22060983.482255816
1390,47267.092159853244,1908.6007254494568,43659611.69928094,22060983.482255816
1391,47158.54080567406,1987.257207473298,50372064.01346282,22060983.482255816
1392,48151.31901418115,3005.0445077501113,112717144.60117391,22060983.482255816
1393,47361.16881178469,2073.687316787833,58400834.04345019,22060983.482255816
1394,47449.065788733205,2203.688762650584,62720118.12802887,22060983.482255816
1395,47163.58381239433,1914.3038576362956,44042566.406581,22060983.482255816
1396,47240.03794186923,1951.5392034632528,43507603.34121862,22060983.482255813
1397,47250.11629999734,2066.4103900649175,60942795.062395036,22060983.482255813
1398,48006.2156617882,2865.966287270314,105864298.93238845,22060983.482255813
1399,47216.173697110884,1973.1106352813185,53024227.27386423,22060983.482255813
1400,47190.75830933434,2148.322593890626,74178051.74160048,22060983.482255813
1401,47213.30905211265,2180.40632972476,71815743.01572983,22060983.482255813
1402,47210.49179957367,1856.2282346225973,37825476.67921102,22060983.482255813
1403,47358.02486978351,1850.5337125361475,37015027.8909316,22060983.482255813
1404,47248.253809861264,1894.257228071831,42912841.987672046,22060983.482255813
1405,47271.397208353505,1902.7699972739097,42379108.22888376,22060983.482255813
1406,47303.909489650454,1862.7160828444582,36879365.212452434,22060983.482255813
1407,47158.54080567406,1905.4271419946788,47118836.637671314,22060983.482255813
1408,47193.390568715906,2028.8044920004297,58158849.39590994,22060983.482255813
1409,47369.56638036398,2103.001427899267,54980819.85045008,22060983.482255813
1410,48194.70557799292,2936.2370994709067,112793433.71547846,22060983.482255813
1411,47149.5245050732,1908.196250823788,42592979.05496527,22060983.482255813
1412,47158.54080567406,2028.3117685960988,50020785.813689984,22060983.482255813
1413,47303.5241092684,2134.9567794475433,64854078.47304797,22060983.482255813
1414,48029.871260452215,2584.5746026988186,74536587.2046465,22060983.482255813
1415,47158.54080567406,1898.7908167773107,43073840.825711295,22060983.482255813
1416,48113.708330291316,2879.4428456530554,102989186.02285084,22060983.482255813
1417,47183.30533460656,2284.7084062205477,75224285.3061672,22060983.482255813
1418,47194.83396956839,1880.5007853215732,40660378.138147384,22060983.482255813
1419,47191.58221917326,1836.7810462723428,35915958.561872125,22060983.482255813
1420,47237.57591318599,1890.6562903417914,36061098.616295576,22060983.482255813
1421,47188.10571979041,2006.733756327933,58212508.60213405,22060983.482255813
1422,48335.88650567122,2891.967470820647,97892702.5150647,22060983.482255813
1423,47307.81276441241,1940.3670573683794,43643843.87024368,22060983.482255813
1424,47158.54080567406,1970.3532704420008,45971047.24803607,22060983.482255813
1425,47182.68560263695,1892.7293959104052,43531532.24923386,22060983.482255813
1426,47165.37932546035,1872.1430522250419,41474159.58056001,22060983.482255813
1427,48174.511162748175,2789.020587679959,96311567.21571895,22060983.482255813
1428,48204.33573999752,2986.3803196777585,117441476.71695451,22060983.482255813
1429,48295.779542922755,2914.2542591069146,97412213.50947441,22060983.482255813
1430,47200.533304530734,2062.3338419504666,59014656.3198447,22060983.482255813
1431,47269.267563306676,1882.8723942913198,38102923.72995676,22060983.482255813
1432,48164.06445787857,2800.358059854027,96390528.04176067,22060983.482255813
1433,49015.016002667086,3638.443973519045,146485313.99678677,22060983.482255813
1434,47604.49751281666,2114.0247230621453,59036029.76412724,22060983.482255813
1435,47238.02741117617,2155.602365874055,66684884.56639794,22049536.571074184
1436,48235.74575916452,2947.779266150553,110196785.61083803,22049536.571074184
1437,47059.74909819613,1853.3100122012881,42175842.18902077,22049536.571074184
1438,47177.114832529944,2083.88454822422,62305290.08034297,22049536.571074184
1439,48100.30811781493,2760.595042818236,92246923.5182927,22049536.571074184
1440,47134.071378529436,1844.888564625604,35830308.21257862,22049536.571074184
1441,47351.73357310989,2264.649823665333,76362454.61650428,22049536.571074184
1442,47177.92249271136,2133.2201491775613,65087635.147744596,22049536.571074184
1443,47203.48103186345,1934.05946030539,50290478.13293243,22049536.571074184
1444,48064.04689922158,2709.408375967953,86156020.27325538,22049536.571074184
1445,47079.29597053081,2030.7379684823427,59868122.72573538,22049536.571074184
1446,48024.87808242887,2872.054925469713,108687248.81953964,22049536.57107418
1447,47276.01717521155,2181.429822808955,74881209.59383264,22049536.57107418
1448,47252.87568558525,1973.7298060771031,50448599.55187961,22049536.57107418
1449,47501.761784624214,2194.073960979814,60971829.375298664,22049536.57107418
1450,47379.19014878277,1972.8077728382257,46979298.24528568,22049536.57107418
1451,47165.65312939706,2049.626096558483,62034589.49150051,22049536.57107418
1452,48161.26240523514,2910.1716078877557,111176830.7444673,22049536.57107418
1453,47391.99565137738,2144.7151507357235,62092496.7182887,22049536.57107418
1454,47245.22723213733,1990.5448665375575,51076709.95148955,22049536.57107418
1455,48215.079035119285,2860.360471377664,102226177.32913744,22049536.57107418
1456,47155.41195836741,1930.1610929392639,47791189.25737329,22049536.57107418
1457,47134.071378529436,1991.697987334041,55054271.50374433,22049536.57107418
1458,47175.41488754798,1889.462192657197,43106789.08991676,22049536.57107418
1459,47100.18387157027,1955.7055698350468,51064262.7906466,22049536.57107418
1460,48178.840473530225,3004.8545733507463,118864256.31657954,22049536.57107418
1461,47183.43464760037,1887.4342447363288,40640308.282032356,22049536.57107418
1462,47253.291522864136,2011.2735757756716,56023012.56090434,22049536.57107418
1463,47173.11037544419,1939.3519693275437,49403960.552147925,22049536.57107418
1464,47142.37034797956,1900.9861826661713,46598563.26587917,22049536.57107418
1465,47152.80974418856,1887.7399047149243,45425069.23910396,22049536.57107418
1466,47166.648788777406,1830.6673166110602,34604295.72689058,22049536.57107418
1467,47158.38072953059,2090.1383758542315,62711409.839422606,22049536.57107418
1468,47339.211772920426,2118.8463482462753,61654513.53794978,22049536.57107418
1469,47290.53764491483,1946.019662001836,44221132.609643616,22049536.57107418
1470,48116.279298044064,2842.675497102763,98898428.31245275,22049536.57107418
1471,47089.940295881956,1890.3316043239283,42486612.5585777,22049536.57107418
1472,47247.06857550205,1945.8541738590138,47876228.84942173,22049536.57107418
1473,47077.84696210121,1953.20602287834,48536126.03519304,22049536.57107418
1474,47180.20634326311,1797.15399776036,32880834.860553205,21989928.22340765
1475,47019.00657451516,1939.785836809039,47826784.20156014,21989928.22340765
1476,47995.97260166488,2955.9206478982933,116127953.32570963,21989928.22340765
1477,49841.48245919603,4365.740790584364,189928173.6957705,21989928.223407645
1478,47036.11307551258,1997.4342861629643,52902423.73420106,21989928.223407645
1479,47077.07277957889,1954.2012393628206,47251706.69237964,21989928.223407645
1480,47067.828623669084,2034.0755323066994,54648766.085998036,21989928.223407645
1481,47914.154441671155,2871.2274266923723,106563314.87055512,21989928.223407645
1482,47006.64991982374,1999.6477681435758,53908770.42711753,21989928.223407645
1483,47211.40527524621,1919.3168391658523,43281024.05120008,21989928.223407645
1484,47028.98959802614,2054.2091537124506,59643449.901231386,21989928.223407645
1485,47055.01785993771,2135.456687311056,65916935.14180335,21989928.223407645
1486,47863.0840002981,2838.1146894420417,102607997.12348182,21989928.223407645
1487,47021.911204275864,1956.3715035511373,48106859.28537266,21989928.223407645
1488,47100.87318062277,2204.7730931945057,72532128.42213523,21989928.223407645
1489,47006.64991982374,1940.716252306652,47737748.6591783,21989928.223407645
1490,47064.636735945045,1948.4183149923397,48715374.74133845,21989928.223407645
1491,47863.01396055841,2812.8765261373014,101240795.96505323,21989928.223407645
1492,47048.74122546225,1908.9869290895615,45502863.83422401,21989928.223407645
1493,48101.68145908725,2855.3111269839073,106988575.32638822,21989928.223407645
1494,47084.25208648903,2128.3136870428284,64088544.12217925,21989928.223407645
1495,47006.64991982374,1834.2252246630196,37081135.703459844,21989928.223407645
1496,47006.64991982374,1866.7456106657871,41024558.91591044,21989928.223407645
1497,47929.51731659034,2657.30262952093,90121831.83058946,21989928.223407645
1498,47118.81197280279,1943.0511224653885,41582335.81381282,21989928.223407645
1499,47251.49828751955,2143.756559356965,60167419.73059887,21989928.223407645
