,per_it_avg_total_length,per_it_avg_max_path_length,per_it_avg_fitness,per_it_best_fitness
0,59977.67558416755,6807.006923719787,409444000.05518645,238810207.1350859
1,54784.700121728856,4312.9173222053305,236311797.02895465,208699437.60048074
2,54357.18051461373,3850.130525464099,209282290.6258686,204601718.33710885
3,53221.65104567651,3838.566799502222,204298372.9865206,197068082.1413194
4,54135.315659503,4604.870448114951,257514889.22186297,195941820.88984415
5,53816.16120326465,4633.260280790275,258089296.63792372,195941820.88984415
6,52851.654922228554,3721.4903264005784,196686922.5273351,195857839.30631936
7,52626.92505559608,3721.4903264005784,195850592.50260907,194089214.60200804
8,53343.59662078022,4559.712476853451,251225497.06647563,190019518.05195034
9,54258.687439998845,5337.251753235638,303797958.37259007,190019518.05195034
10,54451.50841114081,5274.271887627736,299459016.7496987,189803338.45397216
11,55303.564086348415,6209.899513572816,362363809.9808769,189803338.45397216
12,52233.91650567388,3643.4574672667936,190312053.13718766,188873025.87676272
13,54219.28899212151,5380.410273697409,305816252.082934,188873025.87676272
14,52164.371174099084,3680.5914591668625,192026634.1711325,184091770.10122398
15,52999.7324307743,4414.246374413118,241339179.3050012,182432239.2080179
16,51598.43039799676,3589.554420048018,185243738.69711858,180656268.63633376
17,55410.13041556611,6215.509671274875,372047459.7898519,180154348.17565817
18,51003.34404702566,3553.5233311100537,181242573.78495556,179816297.06007087
19,50806.49925350615,3552.317997307874,180480841.67843896,178413979.2071657
20,52586.063717440935,5279.069736806768,292006044.66221344,178413979.2071657
21,50439.376933702784,3552.317997307874,179176706.4545881,176675703.48160174
22,51222.92270120529,4436.443301670354,235692540.99687594,159362930.92877674
23,50073.33269897771,3269.1370755908392,163704615.98599207,159362930.92877674
24,52785.752594128295,5007.5984979901805,286773977.38864076,158747029.3294021
25,49689.307494470406,3205.064556122919,159258930.2314616,155807849.71889833
26,50957.580519857074,4067.3071035727335,215989814.06295228,155807849.71889833
27,56167.939353591275,7766.048349150372,466570118.8528918,155807849.71889833
28,50678.676303494234,4092.108337799299,215935905.04837456,155807849.71889833
29,49824.37377658061,3179.337814711661,158485151.28066313,148202407.33851206
30,49885.605535154886,3117.976579774489,155624892.19982862,148202407.33851206
31,50771.27717381785,3960.9607159550314,208615486.1027473,148165002.80405667
32,53020.051010791656,5928.249542896493,334844152.5129471,147965094.43048218
33,50980.161747761114,3902.085856143184,209225787.43125373,147965094.43048218
34,50626.53117783727,4055.6792074142504,214320393.44393468,147965094.43048218
35,49698.81207154866,2992.036218190302,148700927.5571914,146011933.42771518
36,51037.20461695352,3854.087817437744,205874990.38008493,146011933.42771518
37,50748.39120161041,3873.2664232988127,205460915.8542555,145601243.00657633
38,49833.884101173455,2984.909250325763,148792076.93893498,145601243.00657633
39,53136.20318827753,4974.74384298573,287466353.69750446,145601243.00657633
40,52914.44349782496,4835.984152550078,279531409.9804462,145601243.00657633
41,52065.47587320011,3970.321740747665,226134291.98966178,145601243.00657633
42,53078.89317402153,5710.666374937049,324456061.80806744,145601243.00657633
43,50755.87805470784,3845.087712944186,203726684.85895303,145601243.00657633
44,52038.58896071986,5057.587911714727,278158868.48626053,145601243.00657633
45,49965.15581165983,3069.6248817296782,153439683.2682859,144615001.1613596
46,50418.39921659905,3876.8704568873945,204168954.4775861,143890383.174582
47,51464.01136483872,4755.137350897068,260661767.53797358,143890383.174582
48,53391.76812514341,5737.6500577849865,335291802.4244815,142512157.81751385
49,50130.10041596863,3852.109911456394,201500454.1638697,142512157.81751385
50,51367.49718865546,4797.681891687466,263929712.4362808,142512157.81751385
51,51487.65541247836,4857.1404376897935,267725884.08830065,142512157.81751385
52,50116.56645808006,3859.6558612035287,203123797.26397607,142512157.81751385
53,50072.425759475154,3889.866507516991,204356658.16892466,141925757.21942902
54,51954.18940129919,5628.469850812055,312165039.5070795,141925757.21942902
55,51195.010041125875,4790.656823580355,260637455.90529102,141925757.21942902
56,50032.12965384043,3922.6046742440712,204998258.58683905,141925757.21942902
57,49990.34568499977,3872.5669719223997,203150954.76555207,141925757.21942902
58,51036.69057538885,4814.752856451865,260220270.05421558,141925757.21942902
59,52068.47581654984,5706.626728365412,316339851.37243885,141925757.21942902
60,49188.293531485906,2989.294253363753,147066134.81176805,141925757.21942902
61,51070.73209925155,4745.635864377708,256871376.60750228,141925757.21942902
62,50079.10882232948,3887.1513903457985,203052455.54064798,141083252.42704082
63,48619.666966532335,2925.743952654461,142253233.8605432,140528672.75920454
64,49250.003081402436,3836.677242967306,197320520.40573883,140528672.75920454
65,48547.68353661448,2971.2796965154917,144293420.51820868,140528672.75920454
66,50476.89820376189,4746.089419281617,256105337.60726666,140528672.75920454
67,49290.96062886269,3774.9554752248723,193567869.33470964,140528672.75920454
68,48143.63316954925,3013.2025325221866,145116804.19268137,139279328.20053127
69,51028.27962761063,5707.452475491589,312512990.1300827,139279328.20053127
70,49314.94549304183,3793.434060894671,195641520.4079023,139279328.20053127
71,51113.21323459148,5680.144948085895,311341424.5555494,139279328.20053127
72,47996.31551892962,2920.014843999964,140149953.77258033,139279328.20053127
73,49984.82794757986,4825.404131452602,257274523.89685693,139055677.22251767
74,49120.03318828607,3951.0859604770703,203321248.85169435,139055677.22251767
75,49924.12011807111,4860.928661850723,259445046.28202105,139055677.22251767
76,52267.051630910515,5623.701679469681,320622905.50432795,139055677.22251767
77,47872.67913139591,3082.6867735856817,147633560.6463667,139055677.22251767
78,48150.33885393869,3006.0076515416977,144932482.34045416,138672774.5554273
79,49218.6576518709,3903.791512018858,200656973.99578792,138672774.5554273
80,50992.01973116079,5589.98014550513,305575494.6742692,133539994.18362951
81,50078.80077358419,4761.352770746242,255744525.63109174,133438578.93388402
82,48922.89658006724,3905.02635210402,199856805.6618782,133438578.93388402
83,48837.28602651653,3811.0758365640513,196662525.79875273,133438578.93388402
84,49741.819999708714,4757.724123287081,251758157.07854825,133438578.93388402
85,48810.86619449767,3909.9973303767424,199410559.39771277,133142212.20815206
86,49973.90918504522,4810.458095762022,255760100.52767867,131340384.88666578
87,50757.68920112532,4737.713069962512,265087698.83349434,131340384.88666578
88,50720.27471156345,5645.604452546441,308957811.1974846,131238593.27866776
89,48892.03266468814,3873.1450538447693,197803184.98369163,131238593.27866776
90,50572.69765694071,5643.958329045998,306960232.70789427,131238593.27866776
91,51696.84842991817,6561.742700190285,362180167.29398996,131238593.27866776
92,48571.19195866715,3723.3631207692247,189980939.54840618,126510897.89362206
93,49608.04250458002,4622.151492009359,244912533.12788767,126510897.89362206
94,49530.27720400893,4606.8967083817515,244279206.88929138,126510897.89362206
95,49308.69073487249,4740.375959417156,249170710.27053586,126432320.09352101
96,50356.02499889316,5618.431502695408,321807424.3047795,126432320.09352101
97,47071.88042894533,2743.6747660215397,129146562.05995819,126432320.09352101
98,48062.70651685314,3594.842343947529,181312898.52471298,126012803.65553546
99,47128.478874292094,2768.8005946245876,130501108.61876655,126012803.65553544
100,48989.807196355585,4639.8635039388555,243103302.47735673,126012803.65553544
101,46842.90989669835,2781.489216511261,130326360.81889912,126012803.65553544
102,47097.25481757753,2829.847384919228,133307122.6754281,126012803.65553544
103,47207.19940063449,2761.0074974994695,130382917.65149757,126012803.65553544
104,49122.933776012025,4589.017036464103,241803695.77820468,126012803.65553544
105,51200.07677109257,5619.5441614514075,315160852.2252456,126012803.65553544
106,49262.48851666448,4589.395753306812,242436119.00281286,126012803.65553544
107,49193.05804172928,4666.588248680686,245073930.5895997,126012803.65553544
108,47953.172597215125,3751.916624635537,189356793.80017143,125428303.92083779
109,46785.26169738277,2749.0478851379903,128717047.00600235,125101849.95523456
110,50023.75446462757,5524.896002407882,297935405.7625557,124447813.61764552
111,48778.130663984746,4589.442377052559,238466042.01095805,124447813.61764552
112,48547.099905101735,4649.961976660468,242204689.954257,124447813.61764552
113,47670.871148473205,3646.0340936105,182079111.09075508,124447813.61764552
114,47628.20699931939,3619.7299558391633,182398645.27004296,124447813.61764552
115,47865.36951349452,3939.7088540858795,197016231.63938442,124447813.61764552
116,49764.45520142356,5582.3739117606865,298418365.650755,124447813.61764552
117,46457.19120131159,2755.1165151097402,127996474.59272817,121961695.50658847
118,50051.7260874138,5645.848222444438,305617627.97635424,121961695.50658847
119,49713.60564145056,5528.5329076799635,295314181.0624782,121961695.50658846
120,49988.67032650374,5439.529210797463,294276137.78299487,121961695.50658846
121,46874.62400802479,2736.388635062711,128365855.58509335,121961695.50658846
122,48873.869616204975,4763.832713603517,248340550.33029217,121961695.50658846
123,48041.231328625094,3754.7854086312486,188698789.25728005,121961695.50658846
124,49949.61799905099,5605.487911487417,300865522.61239,121961695.50658846
125,47740.6672054754,3610.867314127471,181667221.0162962,121961695.50658846
126,47801.29705426171,3679.6068911902594,184422211.09571177,121961695.50658846
127,49786.626396010965,5494.6921331110225,294935663.0205183,121810843.32234056
128,47656.58798744066,3591.3537046396646,180283381.3352796,121598170.26842625
129,47528.08013317209,3695.472114450929,184314440.28215832,120731033.45421632
130,46228.906547691935,2696.4694517546523,124662041.9033813,120481574.71107872
131,49286.84853986037,4576.732904485602,249773447.30227995,114387095.36222069
132,49428.523043765745,4392.484087755041,240935005.13842607,114387095.36222069
133,50436.106815404746,5366.415820144551,298966421.8516262,114387095.36222066
134,48494.507589553556,4570.392096357453,237220672.54849404,114387095.36222066
135,47584.62686863881,3495.32268723873,174969325.05555528,114387095.36222066
136,48765.351749728376,4643.9704712094435,241187700.3859799,114387095.36222066
137,46157.15194663727,2492.5853369958477,115054061.60742804,114387095.36222066
138,47642.83479697192,3483.3828688674403,176371357.75206658,114387095.36222066
139,46569.53350015153,2623.23699990546,122220576.63538435,114387095.36222066
140,49406.103795065064,5325.595527134568,283552400.3181009,114387095.36222066
141,49594.11655687781,5448.630767190376,292143230.9191405,114387095.36222066
142,47355.95210083153,3575.9781263939667,178135002.53768283,114387095.36222066
143,50870.02172805422,5579.288502419035,313253997.8926877,114387095.36222066
144,47244.548260476346,3495.210384673165,174318929.4894324,114282022.6081654
145,48608.169342631925,4474.196645388085,234332125.91686448,114282022.6081654
146,47181.73684297438,3405.452745818794,170081045.92285678,114282022.6081654
147,48203.57688058667,4428.874989730359,229187260.82704654,114282022.6081654
148,46291.401689796956,2629.7628646542503,121894853.17052369,114282022.6081654
149,46290.306159727705,2488.9244939156565,115213076.83180109,114282022.6081654
150,47525.739086475616,3599.3275935686847,180510358.9611457,114282022.6081654
151,48499.940072031015,4449.478464142679,231890408.20173264,114282022.6081654
152,47610.96164124327,3493.1358382354506,174914258.24723825,113986619.32316612
153,47612.36391957458,3432.443779548107,172358834.74760038,113986619.32316612
154,47369.24621005065,3598.1317072293664,181500875.88619632,113986619.32316612
155,49426.25560300426,4434.072830599388,245549301.4980386,113615168.23330486
156,45892.968371624374,2580.7087648798324,118507249.6258727,113615168.23330486
157,45971.48870228656,2531.7205000431795,116414595.81355104,113615168.23330486
158,45918.11953056794,2576.431220689422,118376941.30500512,113615168.23330483
159,47046.17033848755,3532.6893109239963,175437952.97587022,113615168.23330483
160,46014.57894403427,2500.8626504261165,115081132.57140975,113615168.23330483
161,47573.88117201259,3783.906185267521,188911201.16275075,113615168.23330483
162,51300.77550121792,5448.399643419083,316485584.2069454,113615168.23330483
163,47046.228899842965,3413.4958661661017,168979796.35336527,113615168.23330483
164,47900.24847372075,4336.522875809454,223120394.56123853,113615168.23330483
165,45948.89780671435,2594.3444247417838,119330957.14857721,113615168.23330483
166,46822.275921312495,3438.3371361717086,170088038.0181237,113615168.23330483
167,47158.65336891172,3495.6300835021575,176305475.066256,113393917.03362024
168,48057.19101982951,4428.303671279309,229525389.32189542,113393917.03362024
169,49330.21212677249,5458.904843749557,289864462.0097253,113393917.03362024
170,49327.83360302148,5610.845159902048,297347525.3762528,113201833.29951195
171,48218.180461165946,3448.1830245261685,184678313.1039231,113201833.29951195
172,50097.53979688407,6421.9223116397425,348386392.9944478,112831051.01931095
173,46865.883697663856,3586.3708460696143,177483814.2038507,112831051.01931095
174,46914.029647915115,3556.19161414503,177964683.6403994,112831051.01931095
175,46705.56729740492,3479.9977966307983,171495066.92871946,112831051.01931095
176,47921.31778831022,4528.9699256173,234524491.46613866,112831051.01931095
177,50884.32439895306,5380.7455437546705,308762402.23332846,112831051.01931095
178,48916.25443835708,5342.752780373413,282316754.9189574,112831051.01931095
179,47735.69383353982,4432.085182501134,227948807.88065428,112831051.01931095
180,47941.172569138245,3481.393277563722,185646750.2507746,112831051.01931095
181,47856.10642757089,4486.716425297384,230207993.10100546,112831051.01931095
182,46910.079905401006,3417.410936400047,168817149.5423192,108347710.23792668
183,47607.802684269685,4348.5719606772645,224474614.05745107,108127139.41100118
184,45877.98767557724,2644.7144261687745,121674656.98932584,106249385.76646028
185,51502.68150963506,7275.544548566841,419512008.10288966,106249385.76646028
186,45677.25500507941,2375.266341916517,108519644.84544094,106249385.76646028
187,47437.478648903954,4366.093022257255,224426966.12875634,106249385.76646028
188,46593.807752474815,3502.159880601851,173827143.18608254,106249385.76646028
189,46594.42990975798,3383.903802868181,166819664.57345456,106249385.76646028
190,45411.01244198412,2369.1740640284847,107598317.80731931,106249385.76646028
191,46657.32037334596,3471.1162199369915,170587393.40149188,105967756.779288
192,47634.51390601656,4361.035576776345,224633422.43517756,105967756.779288
193,47513.76928290609,4313.184667404048,221080188.10789895,105967756.779288
194,47272.6251235637,4335.472814895039,221666904.90109628,105967756.779288
195,46198.37209132712,3282.065449471197,160400913.02113962,105967756.779288
196,45192.115320302975,2355.736578141921,106460719.10364565,105967756.779288
197,47821.55875453819,4560.609503770005,234596982.20307153,105967756.779288
198,50517.36274823036,6289.438524796712,348866599.34626347,105967756.779288
199,45549.5596092556,2389.227535968011,108852436.9082793,105967756.779288
200,46339.47606681388,3325.184086065115,163138788.33609298,105967756.779288
201,48530.86502379585,5265.963483909261,278814168.32134926,105967756.779288
202,50648.62098822815,6235.5999539084705,347129880.4770881,105967756.77928795
203,47720.13074341612,4365.969259109802,226676290.68014055,105967756.77928795
204,45281.48776536215,2357.153741497338,106737332.67455903,105967756.77928795
205,47460.86146684164,4398.782819107545,225037403.02221856,105967756.77928795
206,45467.784861910826,2494.6863627264465,113413495.81991334,105967756.77928795
207,48710.81933537095,5351.047109243258,283603291.7383337,105967756.77928795
208,48487.89141091147,4290.925470695748,232234484.6366562,105967756.77928795
209,48523.394056126745,5289.058912537352,279325617.5256532,105967756.77928795
210,47471.22123874905,4291.229098945883,219156050.88507724,105967756.77928795
211,45338.44206271891,2678.7288172046,121656383.61737938,105967756.77928795
212,47584.24474846765,4440.138024632897,227514139.86173123,105967756.77928795
213,45568.74166916168,2500.4615778569223,114033678.08246641,105967756.77928795
214,47458.55109368303,4429.751211741483,227811923.2573053,105967756.77928795
215,45583.67857026904,2390.0679744777312,109002775.0854253,105967756.77928795
216,47373.51017769247,4389.83554198036,225350823.72857285,105967756.77928795
217,46564.350758105735,3426.135859467258,169032594.6886882,105967756.77928795
218,46341.4373170244,3367.314487033777,164748621.8173463,105967756.77928795
219,46500.56569984125,3360.6456315725095,166043557.28311166,105967756.77928795
220,46334.6913965661,3349.2532800759095,164319022.3413329,105967756.77928795
221,47776.483030089075,4326.435496155418,221973907.90805236,105967756.77928795
222,46592.92330611903,3435.9407594247305,169416966.3159819,105967756.77928795
223,46665.94088954969,3230.033218482661,158738713.14682093,105967756.77928795
224,46572.55340003343,3425.4681242695997,168316038.787342,105967756.77928795
225,45575.66921871539,2541.8045152027853,116094902.8254317,105967756.77928795
226,50706.54441312988,6386.509785050793,355049644.54317224,105265105.41678958
227,48208.554961579066,4343.070837413419,234934187.50009614,105265105.41678958
228,46283.419292485385,3315.5480202630397,162207609.517216,105265105.41678958
229,46608.23234623344,3533.3469175104583,177593218.13646188,105220821.8626264
230,47351.65105275055,4328.622219740612,220539035.64951164,105220821.8626264
231,47479.572933534306,3413.150324338042,180553995.58250588,105220821.8626264
232,45146.754500605035,2493.5020583805226,112659417.23142555,105220821.8626264
233,48577.375338485144,5405.150810115438,283278477.776065,105220821.8626264
234,45176.86841389351,2466.077417769072,111412414.36843912,105220821.8626264
235,44871.51550967361,2356.3931207761643,105735136.53437994,104619538.47420004
236,44628.354463214055,2357.153741497338,105196817.48911405,104619538.47420004
237,46858.983019001476,4349.419749116311,219855585.95637602,104619538.47420004
238,44980.55197971958,2507.467695686638,112921373.76800506,104619538.47420004
239,45870.08736843385,3407.639847148834,165693879.69381404,104619538.47420004
240,48268.108626816145,4379.3129018221425,237687995.95027366,104619538.47420004
241,49101.1928502857,6190.73526833099,328426506.80617285,104619538.47420004
242,46242.072685406034,3326.7788331394704,164599747.2194132,104619538.47420004
243,47128.34821461204,4402.336228777445,224858210.03794417,104619538.47420004
244,48115.30395892868,4386.151613407385,234455760.63689828,104619538.47420004
245,46449.913197698086,3535.2333392889304,173045319.43731844,104619538.47420004
246,45930.97061174502,3328.7183869575106,161952891.94652027,104619538.47420004
247,48032.813220757365,4356.953532844944,235119601.44544435,104619538.47420004
248,45686.29058309415,3358.934469610377,163045880.70893297,104619538.47420004
249,46964.2868236116,4363.919574547799,221971127.93355376,104619538.47420004
250,48151.94706125979,5374.8431222642885,279665660.19126886,104619538.47420004
251,45764.74281755528,3271.155090284398,157541349.96998155,104619538.47420004
252,45022.65367934549,2444.0797863369467,110120766.94307694,104619538.47420004
253,46381.40133760503,3469.4835752321983,171963706.86460748,104619538.47420004
254,47060.30772467538,4404.152740589068,226101726.28088132,104619538.47420004
255,44701.46520277839,2439.3407454064177,109111634.10585375,104619538.47420004
256,46867.90823280505,4299.67696643066,217457311.71139628,104619538.47420004
257,47939.10521092545,5278.856385359119,275516066.20469636,104619538.47420004
258,46083.49319856146,3472.2404026191243,169539132.74124405,104619538.47420004
259,48192.52643239421,5307.24101997309,277813035.41877526,104619538.47420004
260,47079.748267827104,4379.618455651998,225008212.80554742,104619538.47420004
261,46166.453831205254,3674.151334653869,179757032.3286003,104619538.47420004
262,45896.235386325694,3388.724945487891,165192804.04741722,104619538.47420004
263,49097.10421566788,5426.25578671895,294830955.087489,104619538.47420004
264,47792.4043726702,5268.268278702529,272783357.6155528,104619538.47420004
265,45870.615766198054,3324.994686313052,161554747.8996512,104619538.47420004
266,46047.88180313258,3369.0948495886178,163580621.66054004,104619538.47420004
267,48357.661485317585,4345.652922117692,235533250.06537262,104619538.47420004
268,47040.10468701997,4443.532328369818,224720443.1102627,101269377.94284691
269,48525.85436803919,5264.9083449151885,278593458.2253008,101269377.94284691
270,46029.09648709049,3225.2293882761064,157675586.36293474,99988755.74296974
271,46005.655106507955,3251.372501321629,158464565.3638774,99988755.74296974
272,46830.673389998075,3433.767936306888,179625129.0168523,99988755.74296974
273,46859.72638216393,4298.368507152275,217851678.0221861,99988755.74296974
274,46065.79066429999,3297.930910667799,162041797.8456071,99988755.74296974
275,49221.18429619778,5399.8265914671665,294597180.228469,99988755.74296974
276,44780.21665950767,2499.181325149467,112017166.80601433,99988755.74296974
277,47952.998814149185,5244.368239907252,272577194.5380827,99988755.74296974
278,44746.19357606642,2467.91059288979,110771584.62334082,99988755.74296974
279,45852.551933751085,3241.5793203531475,157373986.25311014,99988755.74296974
280,44763.534767878526,2313.165295261845,103584618.16587713,99988755.74296974
281,45733.99684776396,3301.097490444299,160147875.57758072,99988755.74296974
282,46177.880354931534,3368.902294211765,165893523.00504622,99988755.74296974
283,47289.77365163833,4435.059627445815,224489464.73036823,99988755.74296974
284,50192.62925095689,6374.157878607964,351154937.1712675,99988755.74296974
285,48373.84954317636,5187.668514410535,274582340.5233523,99988755.74296974
286,47819.9925708441,4257.802993950022,227945630.5374487,99988755.74296974
287,45655.82628519983,3236.183632493326,156853462.55032203,99988755.74296974
288,49842.47224426551,6250.363338253143,343322520.8867241,99988755.74296974
289,47203.45161572277,4201.697196263844,216109859.93617767,99988755.74296974
290,47984.13543694368,5191.568514198412,271683084.26772475,99988755.74296974
291,46747.51658308955,4194.664525097677,213050255.9676977,99988755.74296974
292,44867.69970076207,2360.513065433552,106027691.15267687,99988755.74296974
293,46877.56048192018,4258.872435976906,218138551.66102415,99988755.74296974
294,48112.87462306741,4274.62176840929,235569821.77347717,99988755.74296974
295,46950.611000747325,4387.657744351442,222697689.49979195,99988755.74296974
296,45696.36957580397,3231.986391521782,157300679.8693754,99988755.74296974
297,47832.99498578149,5200.254202928513,270295384.4639729,99988755.74296974
298,47143.644971812304,4093.678128561763,210385539.3459594,99988755.74296974
299,46034.57591813667,3240.9181977323105,159242933.9806118,99988755.74296974
300,46859.231395965486,4178.9657926830305,210960558.8682681,99988755.74296972
301,45176.069413233774,2347.686306726704,106112155.48361155,99988755.74296972
302,45300.23528266585,2540.784569485023,115457602.24573338,99988755.74296972
303,45707.66088470603,3232.136300246627,157570785.79368824,99988755.74296972
304,46292.670650912594,3329.1023214105817,163839995.18838075,99988755.74296972
305,45758.65542603891,3236.6866526795047,157343342.02682373,99988755.74296972
306,45700.5146327547,3270.5994703539795,157552520.9295375,99988755.74296972
307,47751.243293357125,5147.7119060852965,267035289.6893889,99988755.74296972
308,49239.99468932163,6374.910180931726,356653570.92155516,99988755.74296972
309,47284.7979399581,4514.186250844992,228784596.09386697,99988755.74296972
310,46995.09345766997,4302.157648678934,218628639.8107706,99988755.74296972
311,48079.77321499757,5303.240374630679,277462230.2786884,99988755.74296972
312,45865.18433488187,3450.630087392009,167395468.96534735,99988755.74296972
313,45094.399575040174,2323.468416697701,104818247.58178958,99988755.74296972
314,46987.49558262141,4468.693960731686,227405509.39393646,99988755.74296972
315,46293.477547513874,3521.532914252063,172854014.89999682,99988755.74296972
316,45654.510216754636,3288.1936533547887,160831575.24262315,99988755.74296972
317,48327.551358448654,5391.862084915641,280198498.5180843,99988755.74296972
318,47852.48560986076,4176.639016036533,224133382.379737,99988755.74296972
319,48773.27561318118,5173.112785470436,280406201.8841337,99988755.74296972
320,52418.29937716245,7251.107694180534,416748159.87467164,99988755.74296972
321,46001.23153711429,3383.1377944786263,164960352.50896806,99988755.74296972
322,47977.41046137943,5321.038868474625,279299799.40773547,99988755.74296972
323,45107.88002562315,2569.300860835979,116240509.68451412,99988755.74296972
324,44958.42549788444,2297.7809960199443,103289459.63828446,99988755.74296972
325,48198.26648590084,5250.460666614354,273425909.00456566,99988755.74296972
326,48034.80792767188,5302.667226348733,276014351.10142434,99988755.74296972
327,47735.94278147204,5167.030944021821,268930360.49088335,99988755.74296972
328,47465.209163888845,4294.203937567961,222043422.6665434,99988755.74296972
329,45071.048310840306,2345.130867950573,105719357.25515747,99988755.74296972
330,45795.24595938934,3208.1885354104193,156294842.0704325,99988755.74296972
331,44960.88934821481,2333.995346544344,104965565.16399153,99988755.74296972
332,46098.02722882161,3536.956311555344,171887484.88509375,99988755.74296972
333,48988.81921926726,6192.701084613802,330100882.7740252,99988755.74296972
334,50118.55895415633,7145.112325562424,384380890.112024,99988755.74296972
335,45837.27934104933,3228.975986262451,157192073.21226043,99988755.74296972
336,46159.74093904968,3378.9719450607854,165046749.288962,99988755.74296972
337,45770.31753827056,3319.9473592603995,161380730.96957892,99988755.74296972
338,46044.46456707253,3254.0139211444603,159440353.99120966,99988755.74296972
339,48801.63932653848,5231.315541479097,285870575.0372448,99988755.74296972
340,45768.43489274848,3300.27726188725,161203670.9300514,99988755.74296972
341,45766.41746971899,3244.424352623547,158718647.30069372,99988755.74296972
342,46015.43328110199,3240.6179468130877,157705127.11067623,99988755.74296972
343,46108.77212323105,3355.95257372405,163120637.03493953,99988755.74296972
344,45641.99363856537,3218.2627598147005,155810927.83099782,99988755.74296972
345,47837.239068470626,5200.938543635208,271958905.81431955,99988755.74296972
346,46036.37847894576,3305.289462815695,160757846.03090754,99787227.5344235
347,46858.94548155289,4258.4076091850875,217346184.01392144,99305879.52966513
348,47610.034949252964,4257.443183207245,217936603.89362866,99305879.52966513
349,48898.43606169895,4303.769236160947,237210554.76437864,92709084.36859259
350,47423.55249222703,4149.694506052025,214817164.96661586,92709084.36859259
351,46342.82247013908,3288.452787741005,161507458.12095535,92709084.36859259
352,48636.14704493902,5184.3364221576085,272835639.4661932,92709084.36859259
353,46994.23881440095,4049.3092225830233,206440255.31009942,92709084.36859259
354,47352.62846522591,4295.679420406892,219718097.99840212,92709084.36859259
355,47158.89429535066,4181.165889505388,212980159.14341652,92709084.36859259
356,45911.29578204515,3101.6146379579995,152207107.1874563,92709084.36859259
357,49356.99595513273,4212.975719714033,241432404.2793273,92709084.36859259
358,47528.404076365696,4341.031960376672,223742648.87770814,92709084.36859259
359,47464.11723513236,3214.948236982975,172259855.20444953,92709084.36859259
360,47551.59811347756,4145.188709185836,214984225.3420271,92709084.36859259
361,46456.274806206566,3091.1296086598204,155403406.90221217,92709084.36859259
362,46504.530261574255,3303.2093238950583,163792145.9106199,92709084.36859259
363,45187.73963477399,2085.3070935418727,94244738.7353097,92709084.36859259
364,45153.14949203482,2230.606962265208,100794167.11986968,92709084.36859259
365,49414.007944333665,6147.233445114452,330690004.8579621,92709084.36859259
366,46375.822290167234,3155.925670508327,155096982.63323957,92709084.36859259
367,46458.45078804568,3308.8219557755315,163215715.8347818,92709084.36859259
368,49600.2779453986,5276.603750580153,290809762.0911198,92709084.36859258
369,50531.89530886668,6008.721324919104,335088174.3036194,92709084.36859258
370,45119.41686652531,2161.5364725085565,97656228.88609453,92709084.36859258
371,47459.09272173536,4149.180212273106,214084707.6561678,92709084.36859258
372,48436.656170204296,5211.54413294505,273467977.2325749,92709084.36859258
373,45360.51088056309,2350.733947928892,106851685.6937621,92709084.36859258
374,45451.30844784608,2299.4010485406898,104848642.82715389,92709084.36859256
375,47637.67836225161,4199.461324559777,216532715.19977403,92709084.36859256
376,47585.184594701466,3322.588899978929,177194135.19018525,92709084.36859256
377,48053.44186773959,5146.955607874927,270176949.4688741,92709084.36859256
378,46407.24952886251,3180.580993971099,157228763.2673471,92709084.36859256
379,45008.964940915794,2105.7288475583455,94795864.06908403,92709084.36859256
380,47290.80891463591,4066.6299226918286,208467877.59768698,92709084.36859256
381,48216.14559047248,4964.950936292187,262113917.5488456,92680612.48033395
382,47415.2019958105,4190.69488988258,215359398.20504442,92680612.48033395
383,48470.55910517066,4259.684992622324,235780832.75643602,92680612.48033395
384,45032.10816685897,2200.343964684657,99169439.30424881,92680612.48033395
385,46277.23728757104,3153.852224956042,155622914.5771337,92680612.48033395
386,49435.34444317381,4153.426375676735,240039710.2624867,92680612.48033395
387,50546.13519326145,7141.206558172232,387870159.18798906,92680612.48033395
388,47581.21966038141,4298.906109119297,222730970.39528042,92680612.48033395
389,46461.46288777002,3260.0535152379,160032753.7208269,92680612.48033395
390,48324.65507386873,5132.033175103248,270302777.0595661,92680612.48033395
391,48228.091027416944,4181.734268975236,230257510.1004325,92680612.48033395
392,46127.878556685675,3118.49394691396,152179909.43324244,92680612.48033395
393,47358.693058094934,4106.885787132744,212763740.6741166,92680612.48033395
394,45816.07212790001,2497.9784722123495,114914367.97955962,92680612.48033395
395,45864.634616998635,3084.862721099994,151319191.59498924,92651383.06385462
396,46473.57754202318,3349.8673855226793,164361822.23218423,92651383.06385462
397,46249.80032964816,3174.3055801351074,156289310.87901914,92651383.06385462
398,50314.58316338621,6135.365334475742,342092520.608678,92651383.06385462
399,46049.06311917999,3165.878170437186,155217118.72073638,92651383.06385462
400,47269.19029306172,4168.505659796974,213139236.7933767,92651383.0638546
401,46445.32195627492,3244.3318198756388,162000590.09761235,92651383.0638546
402,47587.757957804584,4266.299548575788,219948808.51446217,92651383.0638546
403,46056.511095368645,3118.323703360812,152662682.7770793,92651383.0638546
404,47377.88156602602,4136.2001713592035,212442229.6183019,92651383.0638546
405,48688.05032718439,4417.723040465158,238690925.28608626,92651383.0638546
406,47524.55222551297,4360.386112954893,224941436.32588333,92651383.0638546
407,51712.8508651423,6182.18678079971,360019681.635565,92651383.0638546
408,47492.28186901785,4272.919563052434,221067462.17788926,92651383.0638546
409,48421.99656868935,5359.982274228101,281736796.8768894,92651383.0638546
410,50482.11099586516,6018.787189975263,362407179.8732098,92651383.0638546
411,47496.810310000714,4279.89559717104,220322361.90457153,92651383.0638546
412,48340.99481072051,5115.650762352843,271405848.7124413,92651383.0638546
413,47351.57099200671,4109.998077094416,229543534.2907321,92651383.0638546
414,47619.16983311074,4222.900303940294,216985873.15781537,92651383.0638546
415,47822.42921649529,4319.939448252263,223614327.6808613,92651383.0638546
416,45091.20651319555,2143.7677454088757,96712537.70646629,92651383.0638546
417,46023.51715479847,3065.602708961395,149450825.3040265,92651383.0638546
418,49491.36281270096,5107.716773575665,283094125.8992793,92651383.0638546
419,47386.31298842263,4134.511948359055,213316273.83399296,92651383.0638546
420,46211.73015391405,3137.7777828194185,155263259.84223673,92465119.43075855
421,47347.88012336879,3312.555858695048,176054219.3866882,92465119.43075855
422,46940.958336759315,4095.7869336181975,208571190.09491932,92465119.43075855
423,47426.88088625422,4301.0956171492235,223058893.4367779,92465119.43075855
424,47446.429434092846,4266.629250086759,220964272.83967003,92465119.43075855
425,47229.5104969135,4201.60321599262,215950386.60723153,92465119.43075855
426,49417.973713297455,5296.970889375499,292367152.11427313,92465119.43075855
427,45144.13479546955,2127.871529079678,96151721.18646598,90669106.39130054
428,49272.65689359362,5092.124079222198,281696022.82875395,90669106.39130054
429,46465.131620611275,3218.8047055635307,159198787.68680403,90669106.39130054
430,47306.2806312008,4183.821499394335,214705557.64690953,90669106.39130054
431,48429.12823583676,5022.096498137067,265227221.64737672,90669106.39130054
432,47130.386895924705,3141.622287251346,167885592.8847796,90669106.39130054
433,48357.50993214066,5179.406561202675,272292891.35068285,90669106.39130054
434,47244.887437291225,4208.1528630262455,215436672.47069377,90669106.39130054
435,48243.10881328569,5196.5685828539235,274241760.57892853,90669106.39130054
436,48252.37570023563,4079.410465404607,222085016.82692423,90669106.39130054
437,45935.16117527664,3156.9544664339674,154693043.2937598,90669106.39130054
438,49467.76594699561,6142.786571575909,331764622.0023704,90669106.39130054
439,48759.41491450764,5154.230010089666,273707819.0054435,90669106.39130054
440,47244.99991713404,4130.522150723015,212627999.20925707,90669106.39130054
441,49715.594165318806,5234.363299692556,289753607.96105397,90669106.39130054
442,47186.22042249363,4088.427574030569,210622765.45377702,90669106.39130054
443,45188.352992401415,2218.875789970095,100343048.57357593,90669106.39130054
444,47412.987795192006,4256.718846179015,219270850.73445255,90669106.39130053
445,50583.8470973723,6072.34734909479,339358714.77775335,90669106.39130053
446,47455.8321737162,4209.476145096703,216164615.9960814,90669106.39130053
447,46276.048651311314,3143.315615552955,154657418.71092936,90669106.39130053
448,47166.70936103315,4264.811487725312,218138230.61004525,90669106.39130053
449,48454.3763485572,5111.52805845245,269134098.7863716,90669106.39130053
450,48692.851770959875,5160.295803359988,274606778.89602125,90669106.39130053
451,47346.90995758153,4117.018492473133,210642938.3669791,90669106.39130053
452,48482.23386275005,4244.210773434529,231182450.71894616,90669106.39130053
453,50363.858933388416,6021.2856325217745,334651205.17641073,90669106.39130053
454,48055.61360684062,5112.631666310499,268661829.39199567,90669106.39130053
455,46994.75618616662,4108.247617601776,209927945.37615126,90669106.39130053
456,49343.80233800139,5123.760504486417,283713028.38473123,90669106.39130053
457,46386.73549801732,3289.0419434047967,161782919.5081302,90669106.39130053
458,46166.051311178984,3126.120329436629,155400024.370622,90595175.58504297
459,49107.82144657258,6008.27376155248,320722012.3122884,90595175.58504297
460,44985.73633676775,2089.556648159906,94030249.08299641,90595175.58504297
461,47256.018176972066,4169.491671969267,232744304.7720746,90595175.58504297
462,47227.29115327718,4139.966924619958,210550709.1003037,90595175.58504297
463,47335.979148038095,4270.113365828192,219376425.09633192,90334011.68271847
464,48186.590544146646,4998.798457499018,283079252.1344448,90334011.68271846
465,47247.28034977508,4160.334960651216,214141575.34338853,90334011.68271846
466,46064.19569588219,3100.2722900256276,151611544.19960004,90334011.68271846
467,45846.90258033965,3112.848688519334,152535845.3403433,90334011.68271846
468,48209.43003122209,5100.455980069956,269810722.98414814,90334011.68271846
469,46850.01061411844,4156.9694443193775,211696364.3096864,90334011.68271846
470,46390.78768006396,3216.315059659525,159780465.08317822,90334011.68271846
471,46520.27314109611,3214.22764215464,158935977.3635847,90334011.68271846
472,46144.64595239959,3187.375481483147,157100382.8516163,90334011.68271846
473,46755.98440589529,4088.4079458452043,208494578.58433905,90334011.68271846
474,47116.828981634484,3093.8186793649456,166093080.03535965,90334011.68271846
475,46936.07131530354,4081.0313506954017,209709641.56842878,90334011.68271846
476,46288.08878162127,3184.5834902775678,158637172.21891093,90334011.68271846
477,48954.80120684955,6155.086043931483,327782808.7844912,90334011.68271846
478,50373.3845626404,6053.879391429344,335680899.5361387,90334011.68271846
479,49055.45127021768,5991.308405391239,320245375.5909872,90334011.68271846
480,47103.31301286101,4101.394304152391,209761176.88659382,90334011.68271846
481,46210.10718730435,3213.6253359698994,157133186.13352123,90334011.68271846
482,51215.76551438901,5942.0578383598095,341553477.42366534,90334011.68271846
483,44871.52077907259,2134.5851775313627,95940886.42516477,90334011.68271846
484,50554.19912557047,6108.010294179083,340603904.8560838,90334011.68271846
485,46916.64927858816,4122.195379214581,210013204.4425687,88980222.26876612
486,45104.21688193872,3110.3257287941574,149401546.72992116,88980222.26876612
487,45334.03590610471,3107.9024950522085,150968513.2854229,88980222.26876612
488,47616.728081227906,5172.862514357011,288287767.26552355,88980222.26876612
489,47452.515899597354,4111.677808846238,218852976.79458755,88980222.26876612
490,47662.80884670743,5329.348727648557,275222118.1242947,88980222.26876612
491,46499.36495986905,4241.722955471568,216179616.1451508,88980222.26876612
492,44130.30420442913,2109.1903291575886,93143330.66166756,88980222.26876612
493,45569.14742850099,3208.627819870622,157725339.14987904,88980222.26876612
494,47198.64824654396,4131.677166360549,221828234.4963707,88980222.26876612
495,47305.312819370134,5270.161583499728,271219919.09376085,88980222.26876612
496,47298.06976654488,4977.640843226468,258910908.56085953,88980222.26876612
497,46260.44642128366,4188.24297262912,210869472.64188612,88980222.26876612
498,44090.45985466444,2115.421602760405,93302530.55757526,88980222.26876612
499,47487.256639673564,4904.991214300049,255486983.94961676,88980222.26876612
500,47361.83053438827,5098.2725830875115,264588401.93024787,88980222.26876612
501,46430.94048404957,4291.64718463491,216391891.61229962,88980222.26876612
502,45192.65451191644,3051.258178860139,147221442.99726442,88980222.26876612
503,46251.53673244077,4140.624003961532,209237571.73744985,88980222.26876612
504,47396.02654008181,5224.849682320152,270166295.89250743,88980222.26876612
505,47558.007232257034,4116.489799145348,222103672.76749277,88980222.26876612
506,46671.95686431485,3999.575078216537,203388771.0347243,88980222.26876612
507,46212.020407896875,4073.7165790192666,204816207.0627747,88980222.26876612
508,47523.292151440575,4269.06185420552,228797233.49192,88980222.26876612
509,45633.671270172774,3116.049189458302,154281466.4137209,88980222.26876612
510,44084.12971393879,2037.6759268874594,89836001.58314046,88980222.26876612
511,45276.03526767909,3239.890479660825,156139980.8010867,88980222.26876612
512,49638.118478850105,6056.557237533284,363111594.741778,88980222.26876612
513,44053.025849652215,2029.0223409068817,89384573.63349271,88980222.26876612
514,45076.021904313086,3057.822957987802,148236674.796488,88980222.26876612
515,47634.76663182542,4197.539772350652,224081669.03328285,88980222.26876612
516,48660.14935780772,5972.827295405345,315168211.7052889,88980222.26876612
517,48429.22120321107,5927.558062159858,312586815.7999157,88980222.26876612
518,45266.212768466816,3089.231332406847,148600685.6689611,88980222.26876612
519,47817.59266060368,5139.103852946935,268766088.63448113,88980222.26876612
520,46655.64830142255,3265.4297813089142,172172317.83486202,88980222.26876612
521,49689.7838943173,6213.061001149942,341875754.864414,88980222.26876612
522,47570.700772631775,5103.31851400307,265713443.9976481,88980222.26876612
523,44135.32742850176,2055.7179299378254,90749068.49403632,88980222.26876612
524,48319.60633583232,5179.024765770362,281088215.92628306,88980222.26876612
525,50678.39736719557,7095.34314455576,412417491.90702045,88980222.26876612
526,45429.9296757812,3213.681080938475,156168644.48921394,88980222.26876612
527,47311.19412805988,4118.553357515,220728336.25373632,88980222.26876612
528,48406.97300595172,4098.424433426223,233838846.73409566,87990438.39042911
529,48276.60257411115,6029.99448974959,336688951.37482345,87990438.39042911
530,46789.01501384464,4290.248120997705,219716917.84155816,87990438.39042911
531,48770.022617552015,6134.348197744868,326376801.045125,87990438.39042911
532,48600.13433623248,5048.396411439969,275577373.1134828,87990438.39042911
533,47452.50867983663,4995.742180053067,260833636.7722568,87990438.39042911
534,48354.68407629898,5052.314540723425,274103786.7470914,87990438.39042911
535,45168.790706807435,3152.7362614718404,152049225.00723773,87990438.39042911
536,45657.5996226257,3148.728349401002,151936905.7421791,87990438.39042911
537,46297.65712117303,3098.7413107526104,163748772.01478177,87990438.39042911
538,44248.601076057064,2115.059242205583,93661234.26755771,87990438.39042911
539,46353.70520324261,4077.670820423461,205806235.14207172,87990438.39042911
540,45242.64503113876,2928.3516734194673,141687407.27799138,87990438.3904291
541,47708.21298953425,4221.071458566663,226656249.0512681,87990438.3904291
542,45087.50851177271,3082.9627611496785,149012240.5448159,87990438.3904291
543,46523.93131113681,4065.608703570014,206948139.48733026,87990438.3904291
544,47595.863320288845,5137.094508157819,269011368.2120773,87990438.3904291
545,47767.12270520081,5073.614328886552,263750005.455437,87990438.3904291
546,47688.10302345841,5163.5765986024335,267928541.72960925,87990438.3904291
547,47624.96708211729,5164.928478602366,268204102.89125615,87990438.3904291
548,46549.724296394736,4128.783973683705,209587599.29182667,87990438.3904291
549,46676.66488662092,4167.900178885078,210574981.5974714,87990438.3904291
550,45341.04080487987,3105.76719391831,150027627.9691853,87990438.3904291
551,47388.698562255435,5077.82970948734,263540458.8282091,87990438.3904291
552,47443.05550633185,5130.508654496833,284316342.6980728,87990438.3904291
553,46494.803342372914,4175.568568956099,211176581.62051144,87990438.3904291
554,45504.44112740932,3208.6114912254898,155809046.4680264,87990438.3904291
555,45386.183440765795,3153.9081895948393,153553529.44010788,87990438.3904291
556,45413.68959282931,3151.1611160104317,153687995.21997333,87990438.3904291
557,48205.69718271344,4062.471471882344,231018742.13150626,87990438.3904291
558,46243.22624122027,4051.481509439122,204982204.05202854,87990438.3904291
559,44147.86375162102,2167.196161472926,95763374.02429077,87990438.3904291
560,45458.632354855275,3101.9981901985097,151305116.82707074,87990438.3904291
561,46430.23797522896,4130.36119033346,209342751.77738088,87990438.3904291
562,45459.19773664245,3161.730678503774,153734264.90725705,87990438.3904291
563,45556.61878743638,3139.1496708511304,152403024.70642895,87990438.3904291
564,47358.09548162341,5017.910695512015,277761331.9326269,87990438.3904291
565,45326.99983947193,3073.2111059534154,149036166.9159163,87990438.3904291
566,48574.01533001127,6109.998718745257,324449695.5390958,87990438.3904291
567,46564.373650040005,4209.703522945692,216286675.0282476,87990438.3904291
568,47577.66094004417,5170.972266962007,268731248.6202444,87990438.3904291
569,48466.37703627026,5154.9113611108805,281346135.3164586,87990438.3904291
570,44745.88531116819,2346.8410445241193,105263242.54695494,87990438.3904291
571,46192.7618286982,4004.225086730333,221419616.09473062,87990438.3904291
572,47670.16973155549,5063.67183309824,285548052.11357033,87990438.3904291
573,46659.48850936939,4216.033726386648,213935351.9877597,87990438.3904291
574,49757.65780103457,5137.483701583178,294099630.15171367,87990438.3904291
575,46455.98288061671,4078.2456790358083,207311033.02412778,87990438.3904291
576,48241.23157165074,5129.70305468324,276439577.2145036,87990438.3904291
577,45216.425604323624,3050.288810826384,147719500.43841228,87793116.6052492
578,47202.937751343125,4093.673329184175,219742112.17583913,87793116.6052492
579,45369.755878860145,3043.368035166234,147699484.45754868,87707365.10143937
580,45192.33787027253,3072.0048503863213,147754324.1443783,87707365.10143937
581,45111.619132413805,3086.991180365617,149945051.06451407,87707365.10143937
582,45149.691911697395,3231.396156861657,155180643.47622165,87707365.10143937
583,49391.51370736287,7059.389272775816,374189809.29197663,87707365.10143937
584,47240.61319081516,5121.332212817574,264169458.16092396,87707365.10143937
585,47349.09257407168,5022.912620493309,284434059.3572458,87707365.10143937
586,44109.80420931002,2115.356302787944,93479943.88044098,87707365.10143937
587,48453.89836935465,5198.915326131708,281927080.25994676,87707365.10143937
588,44244.30094960099,2132.977279805373,94433088.90368554,87707365.10143937
589,48401.08823447856,5061.243919385335,275649722.4853197,87504557.12596172
590,48660.125914233344,6176.162631542241,326541397.33263505,87504557.12596172
591,45927.674448924045,4061.4419716643547,204460290.53340343,87504557.12596172
592,46452.22044554949,4236.210723378534,215328414.05099463,87504557.12596172
593,46475.097943556975,4123.696408575483,210241123.96745887,87504557.12596172
594,43856.76089466138,2034.616598247792,89253840.88822863,87504557.12596172
595,47204.7730198521,4091.590023803498,218916769.82071128,87504557.12596172
596,46085.83077047749,3089.5739482559848,163153531.75986782,87504557.1259617
597,46985.67071003437,4996.314634747142,257676940.94215068,87504557.1259617
598,43941.40771332511,2112.189965348302,92902482.3002001,87504557.1259617
599,44986.66002984684,3025.9356128050104,145156334.6594617,87504557.1259617
600,48498.18114192388,5141.385096844807,280022332.5667244,87504557.1259617
601,43871.086306086094,2096.2233429978432,92050121.17898668,87504557.1259617
602,49316.0873136751,7133.564690010375,376735377.18207353,87504557.1259617
603,49046.492424226715,6090.0331209843935,322469392.6109468,87504557.1259617
604,46069.28117548659,4074.4021454220065,206157759.83124638,87504557.1259617
605,45313.36347578005,3215.27723084446,154734160.93590248,87504557.1259617
606,44026.02871085532,2146.574273765584,94592855.03467593,87504557.1259617
607,44406.800738092184,2307.8754460685104,102607950.32653205,87504557.1259617
608,46029.311590267884,4076.1243902269816,204908418.97713012,87504557.1259617
609,47211.65331983879,5018.783232837049,278488216.1385618,87504557.1259617
610,45212.04295027072,3139.4817714442593,151675917.6609845,87504557.1259617
611,46244.2799408139,4102.225416975763,206171020.21511054,87504557.1259617
612,48359.132738325345,5135.0854796540025,277871151.22826624,87504557.1259617
613,45873.10876367294,3921.9293608164094,195561717.58306417,87504557.1259617
614,48367.98772868875,6086.962247278865,340886123.9058794,87504557.1259617
615,48398.32136528782,5161.1518324018125,308075910.7295097,87504557.1259617
616,45977.3687038279,4014.364204187853,200628179.889342,87504557.1259617
617,48248.58416142556,5073.749067804046,302295727.385139,87504557.1259617
618,48288.431193306125,5128.290966757981,278201860.7669715,87504557.1259617
619,44240.10813213999,2149.913296473659,95250829.02886543,87504557.1259617
620,45235.430521076174,3196.5382656892634,154795132.97212204,87504557.1259617
621,47430.13451617999,5165.449010708673,287459650.8957515,87504557.1259617
622,44828.183280891215,3077.4677603393147,148628959.50450996,87504557.1259617
623,50291.82638400719,7152.89379029578,393479353.01335204,87504557.1259617
624,46127.048480508056,4027.978367851333,202600126.89508435,87504557.1259617
625,47091.27995911833,5176.808041638864,268116459.95016685,87504557.1259617
626,49606.446066281125,6115.454289736242,357163112.28727984,87504557.1259617
627,46394.631007609205,4196.557528205716,212294461.14290693,87504557.1259617
628,48517.06578729956,6078.200927016702,321246910.5483904,87504557.1259617
629,45238.68009051938,3132.346592207404,150953300.7003286,87504557.1259617
630,48198.03706438776,6086.6508263807245,319725785.91380554,87504557.1259617
631,50232.41684572546,7154.56825341271,393004880.73968947,87504557.1259617
632,45051.38316126424,3194.058322209953,155032920.28367513,87504557.1259617
633,44730.21382676218,2996.8633511254143,143433245.62189776,87504557.1259617
634,48161.15445163174,6036.920879199264,356675530.97061396,87504557.1259617
635,47112.03383220978,4036.6917900731487,216950892.48636827,87504557.1259617
636,46108.39705756411,4224.9588447201695,211549158.3321967,84629396.52324663
637,45316.46511042077,3222.4189413647237,156183877.68205944,84629396.52324663
638,45297.403457958986,3090.521576376922,150172734.8754134,84629396.52324663
639,47373.175733945434,4910.755348583616,255794243.18460384,84629396.52324663
640,44465.84862041772,2281.7906358756445,101621717.33162901,84629396.52324663
641,44806.9141701654,2946.6746988307195,141311939.59178597,84629396.52324662
642,46660.37832503416,3211.3094144308106,167360584.27533013,84629396.52324662
643,45557.65219882528,3222.1937573163295,156451774.25455266,84629396.52324662
644,44098.0151479628,2147.68152780827,94882063.83880635,84629396.52324662
645,46020.891673400016,4071.757400639325,204405339.92808706,84629396.52324662
646,43842.95587739725,2026.9954622538244,88945953.44605434,84629396.52324662
647,46379.854857548584,4227.705849042095,212239555.24116662,84629396.52324662
648,44908.91099023817,2961.2204370933496,143407413.26394558,84629396.52324662
649,46416.55627495416,4063.691391395149,208105009.40307763,84629396.52324662
650,47194.77644621472,5194.892580523485,266775297.5689176,84629396.52324662
651,50714.19359585402,8060.876267175777,456373720.9902676,84629396.52324662
652,46390.19710597364,4054.064031477511,205998690.60530877,84629396.52324662
653,49376.3920454803,6134.636175894237,334598264.4233946,84629396.52324662
654,46097.58872102569,4067.714616755409,224569513.59363118,84629396.52324662
655,47395.019543303686,5078.463564415732,262692971.22157255,84629396.52324662
656,47660.556727057316,5146.224724108638,266550867.95024514,84629396.52324662
657,47377.06164473257,5043.554787866019,260404486.7008602,84629396.52324662
658,44096.35040092406,2065.5760705967587,91169767.03968965,84629396.52324662
659,45319.933227978545,3179.778206569473,154147887.78817484,84629396.52324662
660,47146.08892425831,4907.379697379477,252202546.27982718,84629396.52324662
661,48236.40930808039,3046.900198845323,186245312.88224426,84629396.52324662
662,45141.89529279568,2991.799574127005,145734541.15223232,84629396.52324662
663,46604.77758112729,4112.578964935244,212447764.9559619,84600347.2195442
664,45918.17466033086,3951.6315906080226,197924158.37373513,84600347.2195442
665,46317.484895325586,4076.8863137444905,204973192.46101007,84600347.2195442
666,46319.90664360401,4143.207494332246,207498142.38971296,84600347.2195442
667,48249.1304658437,6102.0547888493375,317765594.86633766,84600347.2195442
668,45090.25368083567,3052.866026794258,146505179.70228836,84600347.2195442
669,45482.462200534974,3163.985117879352,153757554.2376625,84600347.2195442
670,44891.60437909142,2937.182139283962,141165475.09074625,84600347.2195442
671,44037.99288010321,2069.025058835602,91223017.10591212,84600347.2195442
672,47414.524051905515,4875.346099534113,252845239.001921,84600347.2195442
673,48116.31603297015,6163.462606085928,323842754.8469615,84600347.2195442
674,49297.95866066608,6175.836675904661,338082784.6845506,84600347.2195442
675,47113.60119595991,4903.8334022878735,253285157.43683457,84600347.2195442
676,47390.046557229754,5209.042086232655,267647850.09310699,84600347.2195442
677,44247.46829445876,2221.3158920720934,98418797.05175963,84600347.2195442
678,48392.38054564311,4997.163706182799,273440943.44113594,84600347.2195442
679,45255.21280077634,3098.8221271035495,149403467.76313645,84600347.2195442
680,47319.84617501088,4082.3420998644747,219987587.29987806,84600347.2195442
681,45839.233832323225,3942.940263597884,197957647.01809615,84600347.2195442
682,45016.384961985685,3017.1383453303633,144869915.95341897,84600347.2195442
683,45382.43760684922,3197.069952558396,156370539.95049417,84600347.2195442
684,46218.67103838916,4084.046455790347,205472891.83768922,84600347.2195442
685,50420.19928721382,8101.894869663551,435683870.5809539,84600347.2195442
686,47035.74042964181,5061.635709113565,280829497.2365445,84600347.2195442
687,45587.82346883802,3303.8762403556148,160461795.63973996,84600347.2195442
688,46217.03238421541,4099.143275109467,205038113.77949637,84600347.2195442
689,48149.36902577519,5953.431155243585,313006471.5671467,84600347.2195442
690,45095.61036639805,3178.5361204023934,153302456.53408647,84600347.2195442
691,46250.00487793646,4197.831016531318,229719592.81291956,84600347.2195442
692,51466.88046500481,8034.486840713976,465790252.25296104,84600347.2195442
693,46088.778531283344,4029.7847379463506,203099847.34488967,84600347.2195442
694,49381.716740683034,7053.6400397632515,374104776.68740785,84600347.2195442
695,47355.49202979145,5032.440990653917,280561327.922802,84600347.2195442
696,45452.499863862555,3165.7624811186693,154614758.475757,84600347.2195442
697,45043.973216167666,3160.8890468634577,152990129.15468517,84600347.2195442
698,44765.06978733724,2913.0978022252093,138823368.0925851,84600347.2195442
699,46282.61929113975,4075.4576636225975,209005808.07552144,84600347.2195442
700,44966.828681511164,2989.1377172589096,143506831.0758496,84600347.2195442
701,44255.2884192652,2097.6717894991625,92989534.47271514,84600347.2195442
702,45822.982541324855,3934.8799519399713,197922059.001921,84600347.2195442
703,44055.43376227778,2089.2022820463926,92106993.69760707,84600347.2195442
704,47265.54898235494,4963.240620019964,257642826.3142655,84600347.2195442
705,45074.14845003195,3093.09579150328,149057747.79922122,84600347.2195442
706,46401.274668581296,4245.517766575302,213898129.82342893,84600347.21954419
707,45178.114688726404,3146.038787075937,152587850.88210374,84600347.21954419
708,44042.19394096038,2087.8987456922855,92215847.00881684,84600347.21954419
709,47300.62394782683,5022.657526688326,261501952.5488409,84600347.21954419
710,49609.8125492773,6217.948531800377,360785043.1759113,84600347.21954419
711,46641.09445614969,4101.82775410882,209421663.77645388,84600347.21954419
712,46099.073355589484,4024.532785614857,202602198.40077424,84600347.21954419
713,45281.47291324121,3057.1831816091662,147253562.6194052,84600347.21954419
714,45414.35422558366,3090.358800708386,148536150.04243067,84600347.21954419
715,46171.98725466386,4138.890018171112,208562741.25225863,84600347.21954419
716,46535.474449133966,4287.558257588099,217187630.1069397,84600347.21954419
717,43875.08188847734,2065.4964557193134,90686885.69441873,84600347.21954419
718,47096.41030789566,5066.793725355679,263187489.73761892,84600347.21954419
719,46621.193785439646,4206.667377237451,213843614.397723,84600347.21954419
720,45024.325800942155,3000.4581713091893,145733910.43547338,84600347.21954419
721,45313.88630273279,3188.984178924772,153831323.49652466,84600347.21954419
722,46652.15543744872,4308.08523973774,218732284.2022243,84600347.21954419
723,45156.46542740124,3120.12580349986,150306744.53381237,84600347.21954419
724,44125.49560478107,2176.9903850358473,96233875.11109188,84600347.21954419
725,46213.19706288586,4084.7866495250914,204709678.08072478,84600347.21954419
726,48369.17857105065,5049.7345052428045,274834381.4311416,84600347.21954419
727,48607.242808091905,6035.31903694201,338098515.21086675,84600347.21954419
728,46621.88577629831,4218.04873352595,213918837.9513863,84600347.21954419
729,48449.612811365645,5959.685723019135,315360275.90540504,84600347.21954419
730,46199.991694959615,4038.254564483217,203682376.51096055,84600347.21954419
731,46254.57305852632,4092.6353029225515,207841296.96205312,84600347.21954419
732,45323.63940164488,3165.4448491404332,152052686.72365722,84600347.21954419
733,44971.56144559164,2945.697178972364,141209283.11154392,84600347.21954419
734,45025.5951469839,2963.417270010264,141959679.78272116,84600347.21954419
735,50807.653740987655,7130.081700654511,393330204.17621934,84600347.21954419
736,47162.62996412067,3934.5373695082635,212741245.86524057,84600347.21954419
737,46205.37301710072,4156.084836669897,210607376.79903778,84600347.21954419
738,45157.587050890324,3022.02793864687,144906960.94368023,84600347.21954419
739,49395.06764215071,6846.657813765976,385624793.33828294,84600347.21954419
740,45247.970185876795,3212.695844720717,154340115.405431,84600347.21954419
741,47331.62196783633,4090.623840417991,219375122.1709692,84600347.21954419
742,46296.93542950196,4214.540459677288,211170130.85903782,84600347.21954419
743,45365.69936150937,3182.188715246294,154122347.70290142,84600347.21954419
744,45957.74884062823,3987.622861788698,198875542.434028,84600347.21954419
745,46235.411497121946,3165.0563268528713,165468410.23338848,84600347.21954419
746,44952.57968380145,3049.5440022484854,146292084.3927927,84600347.21954419
747,48452.621893663985,6024.787182290995,319957905.84000504,84600347.21954419
748,44361.29048534397,2268.375149981302,100782039.18059283,84600347.21954419
749,43890.418572145616,2017.0932005653333,88588920.88412558,84600347.21954419
750,47068.79506187012,4169.8977408730625,214550076.26627186,84600347.21954419
751,44965.1197964427,2989.578660691687,142623933.21418625,84600347.21954419
752,46048.379504835444,4015.5261644477237,221112501.76897326,84600347.21954419
753,45242.25177483125,3205.8212636170247,153963622.00367397,84600347.21954419
754,48196.91594033549,5067.484286544739,304668204.6276746,84600347.21954419
755,43717.62524535118,1940.5256919614592,84835174.98014686,84600347.21954419
756,46356.21508874896,4113.488147617379,206945421.11608306,84600347.21954419
757,47401.11080894237,5024.303028178927,260534313.771834,84600347.21954419
758,46304.84315567297,4059.4759347483646,204728709.4652033,84600347.21954419
759,47101.404453648654,4979.218512490677,277442028.95182985,84423995.67848067
760,47335.08702498904,5098.492825528391,264242560.68960518,84423995.67848067
761,46709.99057502453,3903.571141116858,237753289.23229742,84423995.67848067
762,46334.953472773006,4082.1590145954374,207800498.28133526,84423995.67848067
763,45968.42062008595,3949.9677602628253,199912946.03403753,84423995.67848067
764,47376.53709612592,5160.291288566945,269979207.94729275,84423995.67848067
765,45057.96887859733,3122.1345346341786,150369718.12884682,84423995.67848067
766,46993.64515614819,4985.355493168148,258365289.14495364,84423995.67848067
767,47089.82980629739,5266.507481424558,272079565.6849467,84423995.67848067
768,44207.484636092915,2161.6952760463655,95719520.26246174,84423995.67848067
769,46234.631005694435,4259.691010429115,213118725.563896,84423995.67848067
770,43862.73369756766,2063.7435090643767,90591795.26252502,84423995.67848067
771,46060.90281310141,3975.221571225063,200015677.92285278,84423995.67848067
772,48059.45887094207,6064.8692971363835,317117317.3998991,84423995.67848067
773,44950.26152237185,2995.3747336912897,145036727.43220502,84423995.67848067
774,44890.673342000766,3130.5844307622037,149476552.79495224,84423995.67848067
775,47067.0660118116,4915.305390074568,254578254.28753296,84423995.67848067
776,46115.40277037319,4115.1973689044125,207631913.04734892,84423995.67848067
777,45089.21538195482,3119.020347789163,151100402.75162762,84423995.67848067
778,48607.93301234575,6210.08069993088,326228561.38498735,84423995.67848067
779,44292.127506642835,2114.293580657032,93895153.94467649,84423995.67848067
780,47295.22452467321,5052.231418006862,259394416.73196706,84423995.67848067
781,44011.982803517414,2177.4868858601576,95967783.57786097,84423995.67848067
782,47298.868403996705,5006.300207662292,260043912.55541486,84423995.67848067
783,44923.76487998162,2994.502343759269,143552042.8382934,84284137.19159248
784,49030.73109264182,7004.338097668932,368971895.53566396,84284137.19159248
785,44843.45269345642,3052.5535397915164,146166402.19187292,84284137.19159248
786,51194.009356625094,7979.845592687374,457329613.1333672,84284137.19159248
787,47928.70642299349,4059.237821786036,227696356.2185658,84284137.19159248
788,45798.79213686912,3932.344864411328,196131745.96707946,84284137.19159248
789,45803.25964952355,2983.1488681496403,155579353.9007463,84284137.19159248
790,45862.74512554346,4063.035908894385,203905015.06105852,84284137.19159248
791,45138.3240648388,3281.5573669681353,158248895.6177666,84284137.19159248
792,47903.21051920334,4974.211324813883,268894238.4344426,84284137.19159248
793,44980.07519133963,2995.869719465379,143875497.0769512,84284137.19159248
794,47377.73046436068,4237.507654182338,226023234.46837264,84284137.19159248
795,46163.91703710356,4101.545951637052,206555426.71162802,84284137.19159248
796,49168.46408671952,7034.2299642870885,390446180.13928425,84284137.19159248
797,47211.8445612984,5129.954294371639,263265933.9393695,84284137.19159248
798,45989.71152068336,3974.2287694865468,198932448.88379472,84284137.19159248
799,46222.78975278708,4240.484738319991,210577232.39874497,84284137.19159248
800,44873.82463596284,3103.500455491968,148718207.04010686,84284137.19159248
801,46849.720490965454,4048.9219402717326,215549630.45507854,84284137.19159248
802,48725.32850930264,5327.241555151517,289528612.02796257,84284137.19159248
803,47324.699071466326,4975.16749716757,258251694.82644024,84284137.19159248
804,46933.05690585152,5164.6856005380205,264761083.62126628,84284137.19159248
805,46101.90945060052,4110.261426956533,206607549.16471928,84284137.19159248
806,49430.683538102996,6115.408440538099,351881783.7608689,84284137.19159248
807,46356.448411467674,4306.397491812608,218487287.8560616,84284137.19159248
808,44836.45527072622,3105.8960143272348,149673908.57515246,84284137.19159248
809,45244.574656390665,3165.8938567951777,153270963.8243665,84284137.19159248
810,46133.41258523344,3958.550012539171,198809005.92653877,84284137.19159248
811,47018.95469647144,5122.361255215892,263106892.25182062,84284137.19159248
812,45890.64356457566,3950.4289497517225,197765779.31057972,84284137.19159248
813,44926.84393421597,3024.245352756504,144981676.03829968,84284137.19159247
814,46169.6464636489,4065.519919752793,206392177.99745306,84284137.19159247
815,48181.29241936836,6085.1250904778835,318055975.5298677,84284137.19159247
816,45710.243655651546,3940.960511140978,197519796.33430165,84284137.19159247
817,44945.71178778859,2927.596287009978,140703281.2236655,84284137.19159247
818,45947.20899941662,4085.9025143589192,204942322.43794554,84284137.19159247
819,45536.41686656929,3107.7508798671906,154191134.98828313,84284137.19159247
820,43756.05206925449,2067.335597505527,90483146.32125916,84284137.19159247
821,46093.78650776083,4083.560637653615,205164854.3454531,84111635.51931804
822,47099.97785015379,4994.958676218383,279548046.3743593,84111635.51931804
823,49294.17510054649,5135.120768653682,293694441.5308267,84111635.51931804
824,45844.83996632702,3932.1321465700466,195190980.27847153,84111635.51931804
825,44843.96185707348,3140.0927978243544,151963124.61516577,84111635.51931804
826,46738.625430021995,3991.707518482629,242175093.38976923,84111635.51931804
827,45212.923708356815,3191.4154153036925,153826980.1929677,84111635.51931804
828,47185.50504744605,4155.019490460718,223510204.06225857,84111635.51931804
829,46962.31368788106,5051.923027389092,258461930.51870078,84111635.51931804
830,46122.45173206475,4075.3967799410407,203448031.62704277,84111635.51931804
831,47476.195498179164,4148.479190009488,225209988.96436468,84111635.51931804
832,45273.923335765874,3138.434064396305,151913325.3447033,84111635.51931804
833,44812.442569120736,3065.588905821117,146643180.49813694,84111635.51931804
834,45152.571530390866,3148.4441744553687,151420238.83576623,84111635.51931804
835,49407.66197357753,6077.496254391675,363876074.6176897,84111635.51931804
836,45839.74034298011,3957.5142975352405,219039470.84528312,84111635.51931804
837,44788.04151361222,2988.9958522295224,143074031.7189217,84111635.51931804
838,44954.42254893888,3213.7971479800494,153892941.41098318,84111635.51931804
839,46863.44152558283,4977.07824823764,255177070.57748398,84111635.51931804
840,45893.311285102915,4074.856125010944,203652628.24902016,84111635.51931804
841,45889.617056030766,4049.582026195135,201581094.3476748,84111635.51931804
842,46135.03800648031,4225.025988384364,212631759.05769777,84111635.51931804
843,46929.154346964904,5148.088878346773,264061484.12234992,84111635.51931804
844,46962.64167762654,4968.833330368398,272869892.2958062,84111635.51931804
845,49134.369798000174,5945.421734362522,354064737.4786898,84111635.51931804
846,45340.384836122576,3366.2660008852713,161778716.1276766,84111635.51931804
847,48095.83726609919,5054.010082804237,273834029.8255502,84111635.51931804
848,45841.97170023355,3890.205659348308,195271299.3991933,84111635.51931804
849,45956.12341218948,4057.999067594404,203316523.71584874,84111635.51931804
850,45140.649639309675,3065.096790735718,149218522.79267985,84078561.46089974
851,45741.52997845805,4140.814782934315,206060448.87459403,84078561.46089974
852,49179.88595130645,7023.490445223363,373080327.62774426,84078561.46089974
853,49054.52468920899,6197.873651024698,363554843.7190694,84078561.46089974
854,45775.34053802106,3985.1621826908304,199717317.14669958,84078561.46089974
855,43517.464619023296,1998.5529550735482,86976080.88407853,84078561.46089974
856,48092.894249252524,5142.2031760507625,277568999.24504405,84078561.46089974
857,47065.03456994365,4986.815367727459,258818710.58953103,84078561.46089974
858,46982.69705139114,4079.7352691660444,217335308.16562748,84078561.46089974
859,45085.579065648824,3222.8419516587637,154249846.8186869,84078561.46089974
860,47057.893612398184,4992.450136252344,257259250.62329856,84078561.46089974
861,45094.33966485958,3149.547779002587,151292668.0317605,84078561.46089974
862,44135.71623117635,2146.541654760067,94845639.24271867,84078561.46089974
863,45207.667082683925,3139.321079303333,152039523.17527673,84078561.46089974
864,48695.39021558176,6096.932200677817,322735006.8558861,84078561.46089974
865,43664.22419533859,2020.6680352942633,88239171.75891943,84078561.46089974
866,45902.33563795783,4148.637325661948,207479373.0969736,84078561.46089974
867,47046.4198713218,5129.434115708211,262623710.49469367,84078561.46089974
868,46962.180055532546,4119.770182342287,220415494.23703504,84078561.46089974
869,47101.7041310139,5039.923670903574,258123784.70196098,84078561.46089974
870,46660.33852317052,4960.734165220378,274669428.27830684,84078561.46089974
871,47013.198164034904,5160.532133581077,265235780.8662266,84078561.46089974
872,44904.16452224737,3110.3048934215885,148865668.98750803,83755062.66833709
873,50170.20011013322,5139.73493088267,304796643.66652054,83755062.66833709
874,46587.59529822577,4024.077787499048,213440332.5387549,83755062.66833709
875,43650.9115968162,2069.3588732616736,90439660.73525609,83755062.66833709
876,46399.376571941175,4968.17445294464,253397623.31242242,83755062.66833709
877,45755.68110242977,4024.909573617827,202352031.37409848,83755062.66833709
878,44707.70651665078,2995.4129530449263,144753219.03034607,83755062.66833709
879,44741.40689168877,3126.2802307146635,149014044.25487632,83755062.66833709
880,44737.60215296638,3055.6780909999206,148121698.7517211,83755062.66833709
881,45923.48649378555,4128.125284082291,206256061.50021094,83755062.66833709
882,49052.93978494151,5975.827262094957,327950385.8811214,83755062.66833709
883,44530.501581063865,2939.1468430120653,140418912.994141,83755062.66833709
884,46964.623726635844,5066.5364503169185,279836540.5818265,83755062.66833709
885,44724.950876455776,3075.3341628232133,147526454.62379837,83755062.66833709
886,46764.8948890732,4165.617274893984,219665957.1302538,83755062.66833709
887,46731.66678490973,5032.537678564468,257858226.90716934,83755062.66833709
888,47290.05690126975,5221.21579254277,270598824.2734749,83755062.66833709
889,47005.621156270194,5068.843975110887,260763833.06703186,83755062.66833709
890,44877.191506574505,3145.651852028884,150811769.1914262,83755062.66833709
891,48069.4308846729,5219.014681178536,281127762.197604,83755062.66833709
892,45985.071439384104,4083.290790945415,206444679.2052567,83755062.66833709
893,43565.85647522092,2087.7518726722637,91055025.24943224,83755062.66833709
894,45913.51107245936,4083.947271472185,205109328.68388963,83596757.30154532
895,47035.30524246996,4059.8810000755066,216579943.53144154,83596757.30154532
896,46843.6380477454,5025.149989305936,259270635.09152603,83596757.30154532
897,47053.097542568095,5143.478397637433,264878223.26889414,83596757.30154532
898,46984.6071911783,5113.316221899358,262734208.4752213,83596757.30154532
899,43525.881929559844,2145.8125091048037,93507405.91468087,83596757.30154532
900,46788.728226277235,4152.481579161615,221701994.18592206,83596757.30154532
901,48733.47560314661,6009.73322053538,327133487.1474277,83596757.30154532
902,47861.3375584326,5101.345054563773,274311228.3650346,83596757.30154532
903,45700.631249026366,3071.0103864211183,160028040.25523177,83596757.30154532
904,47592.39951297325,4978.161161816596,267943637.89891547,83596757.30154532
905,46716.353651735684,5093.108889733233,261410448.82455093,83596757.30154532
906,43578.85792220301,2044.7220777909442,89152705.97112036,83596757.30154532
907,45768.918755309205,4059.046696186698,202693291.04574326,83596757.30154532
908,43442.566261735614,2236.7175079454096,97262845.83683395,83596757.30154532
909,45719.625140417585,4080.9085637293524,203449392.77456182,83128092.05621448
910,44592.40442051787,3127.685106228324,150251841.21668565,83128092.05621448
911,44046.67197762421,2965.6481719323556,140367438.1609984,83128092.05621448
912,43354.16707896002,2071.7112692187375,89877548.24228324,83128092.05621448
913,45422.038809004276,4122.519417886355,203646632.08838737,83128092.05621448
914,49018.176783486364,5141.683124769684,292533047.5524786,83128092.05621448
915,46389.388529203236,5054.211817558526,257968202.06982413,83128092.05621448
916,45329.21536733122,3944.4588647033947,195871603.9098614,83128092.05621448
917,43292.71896805939,2148.628090234507,93276624.724706,83128092.05621448
918,47352.615584612264,5953.69216368987,326556264.8960804,83128092.05621448
919,43979.848975924324,3044.105226916132,144052902.1182465,83128092.05621448
920,51482.41219294463,6271.390231922731,365443155.6803149,83128092.05621448
921,43472.81116432733,2176.4101691568985,94836475.02969407,83128092.05621448
922,42986.02029232116,1989.7631780071824,85552161.81500825,83128092.05621448
923,44551.189903021135,3098.1892962182333,148921514.37704787,83128092.05621448
924,46349.26407735888,4061.9225615586024,214744696.72496003,83128092.05621448
925,46858.58458362876,5075.081814020999,260869509.2785596,83128092.05621448
926,44507.477142413794,2998.4391772377685,146111669.05048192,83128092.05621448
927,44348.60214107142,3059.220610409719,144658272.6391658,83128092.05621448
928,46622.369584939406,5128.971812989114,265214045.8835082,83128092.05621448
929,43160.438466677864,2120.7180080854823,91590137.31537536,83128092.05621448
930,48940.45919141178,7091.49585649005,374880760.15183747,83128092.05621448
931,47987.64893082912,5080.214867796332,274947982.85969555,83128092.05621448
932,44401.182570580844,3062.9276031042155,146559821.64357316,83128092.05621448
933,45472.872102159185,4084.4290115733393,201809457.3252124,83128092.05621448
934,44627.34143570868,3192.280144238162,151676566.34786507,83128092.05621448
935,46547.48539317793,4089.769549475967,245918172.43038526,83128092.05621448
936,43338.723849189424,2134.1263003479194,92639402.02664645,83128092.05621448
937,44978.52523620659,3252.147839052022,154834671.31672925,83128092.05621448
938,43179.341882836474,2135.7817324932303,92288123.63669619,83128092.05621448
939,46064.251949388374,4913.138284375613,248434857.25618082,79096136.08067724
940,45631.27428001203,4078.5617280950705,202399908.28699297,79096136.08067724
941,45330.87628674325,4107.461539290151,203754472.71325403,79096136.08067724
942,47632.92434615645,5032.670092490987,270882962.2608801,79096136.08067724
943,47683.443712278335,4988.323144244711,269785232.27976954,79096136.08067724
944,46341.98472302902,4925.87988062615,251710865.78870878,79096136.08067724
945,46488.97232298075,5060.960728884131,257350741.6839488,79096136.08067724
946,45512.37213578096,4104.106934049125,204435876.98456758,79096136.08067724
947,45049.56033568796,3916.0519398566744,194047896.3858624,79096136.08067724
948,44103.71132215079,2925.068055777729,138709137.88438964,79096136.08067724
949,48448.20375523985,4970.612890643286,278413788.18877697,79096136.08067724
950,43193.32661413483,1920.6179621442984,83048909.08909771,79096136.08067724
951,47446.914541861726,4972.5291969825,267819713.45876282,79096136.08067724
952,45183.62518673573,3949.5922623141573,195276145.76673093,79096136.08067724
953,46415.57731113261,5001.374747969745,254076228.28378725,79096136.08067724
954,45593.97756500202,4090.6129680249796,203495151.34481433,79096136.08067724
955,44438.981595051664,3097.1897503283935,146433836.7946621,79096136.08067724
956,43274.63618683558,2031.328401320659,88040004.01147604,79096136.08067724
957,46460.76928110669,5046.809693828597,256692882.41562358,79096136.08067724
958,44467.14981189961,3044.0893028624196,145029761.54348722,79096136.08067724
959,43380.66774211083,2047.7510307841198,89098428.10787031,79096136.08067724
960,44269.1238284327,2932.3897896558033,140186668.99598938,79096136.08067724
961,44376.89357618201,2950.4904922113774,141080792.42411837,78805892.9404662
962,46597.00061496624,5037.152496726565,256394986.59426314,78805892.9404662
963,43951.80220787065,2962.6348920018154,139823047.2427799,78805892.9404662
964,48747.599632790545,5108.370349275619,290059416.3623868,78805892.9404662
965,45204.91605995479,3996.2268587972007,197181305.70204073,78805892.9404662
966,43479.6915067879,2211.711313378428,96307335.71095678,78805892.9404662
967,42939.81181048839,1985.7075982178515,85360119.42145869,78805892.9404662
968,45043.60397739873,3961.8725785676897,194991927.8746732,78655516.71211699
969,45037.90803495336,3991.2994186941237,196480156.27136213,78655516.71211699
970,47387.11873661952,5117.652894608104,273347960.0497588,78655516.71211699
971,44171.212882309024,3073.2540242401915,145134898.3131224,78655516.71211699
972,46264.333919055956,3961.6192708722933,210225624.45571494,78655516.71211699
973,42922.288936401455,2019.790549844777,86712683.68558574,78655516.71211699
974,48637.15481545938,7024.4778188175,372023103.934291,78655516.71211699
975,45090.203813614804,4029.9565854181174,200318650.94749397,78655516.71211699
976,48119.47982583907,6837.309811562163,377276709.8610377,78655516.71211699
977,44070.71264852559,2961.505121855151,139963950.88645893,78655516.71211699
978,45122.50430699999,4099.645809623164,201943266.46419972,78655516.71211699
979,44205.27029106129,3067.9198231162272,144509638.576616,78655516.71211699
980,45051.98873192504,4074.445284079574,201306244.9263891,78655516.71211699
981,45166.5906423432,4013.872769563431,198119766.40638325,78655516.71211697
982,46163.127447502055,5159.132808898282,260936792.7170971,78655516.71211697
983,47694.342097900066,5113.240772373139,276068507.8622521,78655516.71211697
984,45262.22138954206,4131.319123250661,204035833.91253543,78655516.71211697
985,42937.868328431956,1991.8309750349604,85624799.6049333,78655516.71211697
986,48664.14146117877,6010.569182479414,355678548.9630162,78655516.71211697
987,45015.650737265576,3984.955396469342,196023485.81428748,78655516.71211697
988,46433.979107294224,4124.363466277053,216892036.5211512,78655516.71211697
989,42783.409217358654,1894.6460444700647,81071346.42698058,78655516.71211697
990,44105.19018721003,2944.967372854285,139227311.19653046,78655516.71211697
991,45172.8902741848,3834.636445740546,189301140.01605088,78655516.71211697
992,43123.07568095058,1992.9534767921573,86064172.06887388,78655516.71211697
993,42851.21982249298,1943.2316024927454,83385162.36539271,78655516.71211697
994,43056.89525732478,1983.320173793736,85628548.28351864,78655516.71211697
995,44129.75799974346,2968.8841198953587,140026302.27403632,78576582.0814427
996,45125.28966049677,4028.8109415967715,199443372.12141296,78576582.0814427
997,45274.540182379504,3968.955512038686,196220547.47659844,78576582.0814427
998,45026.03125349877,3990.0316813931786,196658937.30591825,78576582.0814427
999,43029.430510333856,2074.4014549137473,89381260.13736357,78576582.0814427
1000,43329.301884223576,2091.499616234254,90725444.3131999,78576582.0814427
1001,44175.82898766241,3024.320969975342,144838349.07257515,78576582.0814427
1002,46248.43379061261,5083.365235478999,259753678.73998228,78576582.0814427
1003,42938.21197810818,1952.284876647803,83876051.42865476,78576582.0814427
1004,43976.03496276522,2943.3885467514697,138912338.18809772,78576582.0814427
1005,43056.08015311988,2068.7496916334885,89156299.77243793,78576582.0814427
1006,46292.5483290717,5013.1751704306935,256958314.81659922,78576582.0814427
1007,44034.6051140377,2955.4716225606376,139729041.51395923,78576582.0814427
1008,44997.93949858431,3933.1894770313456,195268418.76125893,78576582.0814427
1009,45442.65647424639,4044.89109238093,200718848.85218087,78576582.0814427
1010,44059.606052006464,2987.885823250722,142942175.1078264,78576582.0814427
1011,43076.67315273978,2087.454632154818,90088381.80772321,78576582.0814427
1012,45125.728096040126,3943.8076526213763,194558653.43637112,78576582.0814427
1013,45063.45394267424,3999.1156057526614,197046966.38399696,78576582.0814427
1014,46099.4017581268,3975.335351703395,208632157.41538638,78576582.0814427
1015,43080.47730488609,2030.8161229521913,87573635.54433407,78576582.0814427
1016,44258.46810103349,3150.6222322135814,148920314.45698047,78576582.0814427
1017,45109.58332772042,4053.5114256871893,200823883.1425089,78576582.0814427
1018,44521.82989488553,3119.2384067094213,147765687.44264367,78576582.0814427
1019,43041.348184034985,2041.8806077792456,88052193.78369404,78576582.0814427
1020,44000.83188096807,3180.3051184902865,149370217.6761641,78576582.0814427
1021,44553.935397279936,3167.005060649485,150699323.7704468,78576582.0814427
1022,46207.778839219354,5072.823535939528,258161804.5037079,78576582.0814427
1023,45584.293597673786,4139.733839080849,206346059.61999336,78576582.0814427
1024,49537.737272186474,7107.181771519407,413980262.4022891,78576582.0814427
1025,47066.59824187667,4958.358889672821,262710670.380549,78576582.0814427
1026,46419.986654082895,4983.09720669793,256156238.52028656,78576582.0814427
1027,46195.57949477764,3996.649423008382,211530484.8528223,78576582.0814427
1028,45412.31498567989,4119.318377775049,204145754.26381788,78576582.0814427
1029,46422.54599855193,5128.704460684272,262418856.71414742,78576582.0814427
1030,46318.57360148462,5178.642407971539,259388706.62162536,78374377.0868366
1031,43840.930264669594,3112.9285124246517,146143972.86553007,78374377.0868366
1032,49273.50650288692,7128.680163807652,384471867.2257616,78374377.0868366
1033,44088.020167576775,3014.4261228977725,142787490.70601654,78374377.0868366
1034,46079.59285428162,4787.734097485979,242526535.43991318,78374377.0868366
1035,45898.1243323393,4027.7679980115354,210077468.5048939,78374377.0868366
1036,44165.411455105525,3195.9531496879076,150008515.3840249,78374377.0868366
1037,46149.683530503935,4834.79383415326,267376994.34897962,78374377.0868366
1038,46162.00595465153,4934.436153402192,249918647.6394617,78374377.0868366
1039,43665.826057124286,2856.406124029844,133584879.33388257,78374377.0868366
1040,43902.30502624567,2862.148234536519,135144069.76643676,78374377.0868366
1041,43911.96217872587,2972.6691509080033,139974830.05131856,78374377.0868366
1042,49339.51318391902,7051.147440026829,409581331.4270355,78374377.0868366
1043,48157.65299504766,5940.549634964015,318861522.1096638,78374377.0868366
1044,44122.38915000476,3048.438928396676,144816426.09195936,78374377.0868366
1045,44756.634061969635,3906.91848890908,192615486.90085196,78374377.0868366
1046,44955.88785661517,4012.995637872704,198551448.7387231,78374377.0868366
1047,45998.18913800611,5192.871507072626,261115274.95943707,78374377.0868366
1048,46268.205210075546,5076.145043623617,256970522.0062601,78374377.0868366
1049,44805.327825281136,2984.5593956863736,153756128.41453692,78374377.0868366
1050,44970.04686070868,4060.1750092267384,198344724.9539231,78374377.0868366
1051,49216.73884672815,6868.550475703846,421425650.7713027,78374377.0868366
1052,46047.25651967003,4942.526553039565,269094660.4454196,78374377.0868366
1053,45739.34146205092,4890.412388941851,266295095.18428564,78374377.0868366
1054,46125.57567505831,5018.280645697445,253401852.26382047,78374377.0868366
1055,43838.15899280341,2984.601413109559,141087781.43063253,78374377.0868366
1056,43000.25629603033,2024.2239283093045,87131546.16758868,78374377.0868366
1057,43633.13897855555,2907.9037680241345,136322693.1729687,78374377.0868366
1058,48620.09567696526,6989.294074929274,405453266.66825205,78374377.0868366
1059,45256.634485039576,4185.100563041292,207537145.4531486,78374377.0868366
1060,43670.10745051711,3078.973410774812,144212855.6368475,78374377.0868366
1061,43865.65129695713,3023.216567487701,142238253.78187856,78374377.0868366
1062,46141.91016188589,5082.571996897845,255151772.72722882,78374377.0868366
1063,44149.03512051947,3170.720805412705,149267925.37116486,78374377.0868366
1064,46020.25367566768,5070.543971099418,256979246.737918,78374377.0868366
1065,46167.86750297156,5042.821457385454,254815969.15237498,78374377.0868366
1066,42757.28010737668,2040.4290685564679,87368259.94731823,78374377.0868366
1067,45099.47311955214,4087.0867729385513,200434291.01171476,78374377.0868366
1068,44799.54469596012,4030.988273138749,197574610.38923532,78374377.0868366
1069,46559.1407737682,5062.396764021243,283040491.42018574,78374377.0868366
1070,49298.95661377939,6953.258005559011,396045124.2258713,78374377.0868366
1071,43579.887013992746,2932.7859021967565,138583685.71311173,78374377.0868366
1072,45056.42942829238,4010.657437767789,200288525.83561173,78374377.0868366
1073,45202.01585839679,4135.9464528921,203799739.3880396,78374377.0868366
1074,42758.97033608814,1980.8566169124538,84811881.3991173,78374377.0868366
1075,45094.32694215253,4027.1905571464476,200214704.15158233,78374377.0868366
1076,47138.99245104723,5955.84445021025,328264648.6535083,78374377.0868366
1077,42860.52687188778,2097.887742294285,90196059.26477404,78374377.0868366
1078,43931.1206779747,3102.7167543912824,146495233.5345239,78374377.0868366
1079,45053.89993434502,4098.380607750949,200727105.8903553,78374377.0868366
1080,45014.437500902684,4153.477445405094,204258204.9202712,78374377.0868366
1081,43825.681147510106,2926.283522951775,137355698.9963611,78374377.0868366
1082,42958.445723260214,1988.5402779550282,85656751.53390549,78374377.0868366
1083,42795.798848120685,2003.9791468067265,85842804.02039753,78374377.0868366
1084,45092.417440971956,4124.930718645874,203558204.21428484,78374377.0868366
1085,43945.684405596854,3085.648142309211,145028599.71828812,78374377.0868366
1086,44084.81987568103,3019.287624235635,142762987.97067875,78374377.0868366
1087,46030.16666622487,5017.983215052299,252898769.2942725,78374377.0868366
1088,45904.91708251162,5009.028131245783,271660442.76898056,78374377.0868366
1089,43962.474061834466,3029.473658860879,141711857.18147442,78374377.0868366
1090,45070.5657611089,4057.0882632936327,200121848.8414528,78374377.0868366
1091,47281.36145782661,5069.709697672203,269272632.36907756,78374377.0868366
1092,45073.3430889141,4122.325046380142,203592772.52117988,78374377.0868366
1093,44742.4013195178,3947.3709750432763,194670974.08916867,78374377.0868366
1094,45138.4350851889,4241.171091359911,208481774.2888296,78374377.0868366
1095,47042.70746143554,5189.6687438617055,273988554.37616473,78374377.0868366
1096,45025.36917765119,4016.2112596988036,198645621.28678817,78374377.0868366
1097,44948.2618071428,4032.120731952856,197314013.97501555,78374377.0868366
1098,47453.912190372284,5950.4511376791825,306738257.30322284,78374377.0868366
1099,43921.42909539396,3015.7505388405684,141488452.76965272,78374377.0868366
1100,46842.98155437949,6007.4406553217095,307592243.9860222,78374377.0868366
1101,47362.394750616455,5124.292194498208,274068367.4999403,78374377.0868366
1102,48307.0888946533,6124.209815562657,326332824.76094854,78374377.0868366
1103,44944.99428600365,4190.590923788576,205346291.35883653,78374377.0868366
1104,45812.7011411109,4002.5533204980225,209840196.14265725,78374377.0868366
1105,46994.06535260738,4948.934165332924,261859988.21683842,78374377.0868366
1106,48365.42507378374,5947.09850044521,318644242.70584166,78374377.0868366
1107,48146.382899840384,5942.106895042253,349784561.2040973,78374377.0868366
1108,47371.99125428336,6068.221412028774,313468744.62346196,78288571.72626244
1109,43930.42449445383,3065.9110595686066,143803296.19776002,78288571.72626242
1110,44108.79193155957,3041.0437490965837,144362530.37981182,78288571.72626242
1111,45120.70829243211,4198.789890989085,207729073.9334092,78288571.72626242
1112,45930.04180001227,4998.8972492409985,251152051.09404898,78288571.72626242
1113,44173.14230686197,3090.258716464198,146054497.24797416,78288571.72626242
1114,43908.41481776918,3098.356117943249,145309572.4034291,78288571.72626242
1115,43145.47849472639,2030.5835516412558,87812213.79865626,78288571.72626242
1116,49248.79671099592,7981.091982868607,420795667.1026794,78288571.72626242
1117,44984.97073564845,3056.8423042935306,158549865.29078263,78288571.72626242
1118,45252.670548034584,4060.8881424040273,200511965.53134102,78288571.72626242
1119,46157.650874224666,5080.183968981959,256575307.19256067,78288571.72626242
1120,51276.91309161259,8010.5683725626,446767798.03396237,78288571.72626242
1121,46489.430058469974,3983.7822069043345,242484138.24108115,78288571.72626242
1122,42789.376257997224,1991.3380705659195,85269754.00648482,78086375.8296794
1123,49506.742240340405,6933.9659949949755,375988312.6455361,78086375.8296794
1124,43746.87927147215,3073.9761866269423,142498834.98270267,78086375.8296794
1125,44678.306996820625,3978.244339468726,195294733.38300017,78086375.8296794
1126,45059.85646469613,4197.878725115066,206721851.47258458,78086375.8296794
1127,44638.86764516862,4022.4914695638754,197234760.79641503,78086375.8296794
1128,44791.72562126984,4071.15565694541,199115551.64945835,78086375.8296794
1129,43793.902509879306,3011.126175482223,141778016.843624,78086375.8296794
1130,43722.774825394314,2942.4010945830173,138626122.76238108,78086375.8296794
1131,43768.356859807915,3034.030849706569,142279410.99007604,78086375.8296794
1132,47061.52882612443,4021.3031512560856,224811023.40717712,78086375.8296794
1133,45070.59145005608,4034.760077865469,200269086.23933774,78086375.8296794
1134,43964.935749001845,3069.5610276927628,145348953.01394567,78086375.8296794
1135,45769.480274312366,4966.467430120795,251033338.86699396,78086375.8296794
1136,42574.82420053226,1913.7116359996853,81548754.03352144,78086375.8296794
1137,43672.02471121748,3052.0209353792625,143545138.89958352,78086375.8296794
1138,47005.480113479935,6109.480558368985,315371333.6140518,78086375.8296794
1139,43775.10716513712,3065.7793688990746,144959248.49506813,78086375.8296794
1140,46916.85592135777,6096.227975781605,330093631.8676724,78086375.8296794
1141,44734.32767086754,4057.688764484078,198994475.99756622,78086375.8296794
1142,43581.5167075641,3058.4017225249227,142652150.58831462,78086375.8296794
1143,46001.79867952309,5038.843226420948,275353918.97559416,78086375.8296794
1144,42795.049103635814,1961.0749204580493,84074677.77305812,78086375.8296794
1145,44759.17808982719,3997.3780257243793,215157687.46162397,78086375.8296794
1146,44817.94039478998,3904.0723119446657,190755245.8321239,78086375.8296794
1147,44740.875426704486,3045.5195602563804,155967011.8319461,78086375.8296794
1148,44749.17059465774,4025.558294063576,216284235.08717388,78086375.8296794
1149,43779.41544749958,2907.0150477989373,138401451.43850416,78086375.8296794
1150,46157.261640574594,4962.52872948536,252989675.01144227,78086375.8296794
1151,44844.9866272286,3928.8094101440265,193079348.7931841,78086375.8296794
1152,42888.84604139062,2121.791602563418,91305628.55069116,78086375.8296794
1153,43839.398423684375,2955.43341941429,139045026.0451285,78086375.8296794
1154,44588.80195033313,3964.836984554887,193617892.48848385,78086375.8296794
1155,42540.2157041708,1977.2752829000347,84202760.59682417,78086375.8296794
1156,45009.65550557912,3120.18887246001,159527518.84012485,78086375.8296794
1157,42739.00757323564,2000.2169059905232,85568127.7235362,78086375.8296794
1158,44927.57777084519,3997.7078996075156,195781011.6128173,78086375.8296794
1159,43944.489659424085,3022.3356220937176,142552124.2367366,78086375.8296794
1160,44673.880264232095,4026.302324045579,197519211.5416069,78086375.8296794
1161,45880.832005795135,3990.986633902093,210301059.06273073,78086375.8296794
1162,42694.430333940094,2014.9921046803236,86165847.47819985,78086375.8296794
1163,46854.31300079374,5916.090617953078,305213603.89510006,78086375.8296794
1164,44851.993627393684,3966.7559667808528,194996966.74504015,78086375.8296794
1165,44812.542413870666,4002.369481382233,198097823.10633808,78086375.8296794
1166,47036.79081990443,6087.590010300615,313550326.34678125,78086375.8296794
1167,45632.393381364156,4928.825531055035,248386284.02854428,78086375.8296794
1168,46341.220673480246,5052.580944156334,256338599.2309888,78086375.8296794
1169,43590.46793913953,2925.1542886195793,136874960.00678182,78086375.8296794
1170,50050.34671548028,6871.558317352511,442756223.8984672,78086375.8296794
1171,45760.503941883624,3933.82081369153,205729139.2476741,78086375.8296794
1172,43784.18360007207,3039.9923656504943,142797635.87483397,78086375.8296794
1173,46797.957011496495,4980.485511646499,263363376.85894004,78086375.8296794
1174,45978.65044053762,5086.632826024841,257232900.99573117,78086375.8296794
1175,42732.395733215584,2011.7615780026467,86111528.45714884,78086375.8296794
1176,46695.52100528416,5965.094731678207,305363095.2805258,78086375.8296794
1177,46884.41573731981,6059.089818568155,329149254.3570987,78086375.8296794
1178,45802.25538674228,3973.5130910388602,209425847.82910118,78086375.8296794
1179,45836.154201471254,3916.570381593106,205973640.600235,78086375.8296794
1180,46089.62855080144,4014.2330888185375,212078118.8490309,78086375.8296794
1181,45181.49140825874,4222.443835399026,207443843.13139918,78086375.8296794
1182,44594.07215581422,2994.2656602296993,152093696.3560743,78086375.8296794
1183,43634.43997355801,3030.2721974912683,142563705.92557898,78086375.8296794
1184,42718.339221150396,1946.6042472449267,83193111.37918201,78086375.8296794
1185,47179.46285483239,6028.999515326517,309930884.61762154,78086375.8296794
1186,42964.25518904859,2059.8898734375134,88747894.08010072,78086375.8296794
1187,47905.762522396435,7066.821579530193,366809709.64762783,78086375.8296794
1188,44636.30137873419,3973.6235224985585,194528847.5323637,78086375.8296794
1189,49117.334881037226,7105.457194243706,382026629.3243759,78086375.8296794
1190,46795.590310340966,5960.691158228675,324916088.35118735,78086375.8296794
1191,45980.66676488918,3989.8892231817154,238813423.0921988,78086375.8296794
1192,45040.71296860964,4098.776683179814,202414065.0658101,78086375.8296794
1193,44022.02736003385,3005.8897143325544,142240700.8602656,78086375.8296794
1194,46777.973161461414,5833.047121861455,297603837.5923727,78086375.8296794
1195,42375.48534754697,1995.8602379441777,84598225.42744616,78086375.8296794
1196,47039.73345540136,5055.559838008934,270650385.8129162,78086375.8296794
1197,44929.575715572195,3971.8556987954335,197347192.87187818,78086375.8296794
1198,48157.135535591166,5891.502928408612,336181511.3924824,78086375.8296794
1199,42983.58395682663,2007.1676802604932,86424059.88755953,78086375.8296794
1200,47250.56013314736,5176.494674681625,276553557.9416572,78086375.8296794
1201,43736.773491505344,3011.5038381154322,141205212.62468222,78038501.42813146
1202,43657.04165440293,2976.1155922852085,139430020.27066937,78038501.42813146
1203,43974.78222911069,3115.3623881028807,147808326.8340823,78038501.42813146
1204,44695.79552920423,4114.3577461799805,202742582.18062294,78038501.42813146
1205,43647.583077071635,2902.5196506274615,135750240.93389535,78038501.42813146
1206,43842.24988462525,3120.007833604945,146050337.98032138,78038501.42813146
1207,46905.86416620512,6072.420706627435,333155479.4376303,78038501.42813146
1208,43764.903888758396,3121.3190659092547,145572795.14839846,78038501.42813146
1209,44036.12004813066,3059.3620569436025,143815286.2359209,78038501.42813146
1210,44670.89247704271,3932.695180044808,192261484.2162024,78038501.42813146
1211,44846.95606647339,3927.157655896107,193691362.91095093,78038501.42813146
1212,44939.948076846544,4014.8386387541336,197871059.89136317,78038501.42813146
1213,46230.85213917785,5037.108198206248,255590846.56234914,78038501.42813146
1214,45794.919601192494,4853.581996636596,262538946.16676587,78038501.42813146
1215,45967.31440603642,5221.254274001199,261920038.11656946,77887751.16875333
1216,45876.70474831214,5046.996110149064,254336756.8778917,77887751.16875333
1217,48315.47483396749,7072.319563451672,367762220.8826162,77887751.16875333
1218,42820.71716386148,2103.787188517891,90218000.78638127,77887751.16875333
1219,43665.0763023025,3035.9813168080996,141372515.5447712,77887751.16875333
1220,44697.859418931504,3989.023949800228,195661908.9996881,77887751.16875333
1221,44871.61558046147,3989.540581293437,197322684.41670018,77887751.16875333
1222,44562.55601290488,3826.6366634744095,187729577.2245651,77887751.16875333
1223,43949.52030439102,3212.4344534041707,150304427.75762156,77887751.16875333
1224,50049.646166388586,7982.334996461684,431556614.79260445,77887751.16875333
1225,46002.82315162869,4997.074673156659,250217902.50542665,77887751.16875333
1226,45750.24942726045,4913.23522219042,246367871.6086215,77887751.16875333
1227,44775.37120769424,3065.699329509528,156311124.3117301,77887751.16875333
1228,45476.64867059862,4864.1773434991,263076990.39596653,77887751.16875333
1229,42834.71464211117,2143.638681037796,91901042.94762436,77887751.16875333
1230,47822.81344943928,6004.6905558575745,321243817.2038678,77887751.16875333
1231,44941.89752608271,4071.6402230301856,199375089.84132248,77887751.16875333
1232,46832.99747211975,5020.166536151147,266632407.037151,77887751.16875333
1233,46129.22363240054,4229.9649056522785,222562640.01440698,77887751.16875333
1234,45764.540918127226,5055.252815492966,254675769.9542039,77887751.16875333
1235,44546.266705364964,4000.598383945455,195616088.38429946,77887751.16875333
1236,42424.5603001076,1953.540554218612,82990977.98544382,77887751.16875333
1237,46977.011702087664,5935.3901166078285,322650417.00780237,77887751.16875333
1238,46737.50641635003,5999.0824447431205,307213031.14573926,77887751.16875333
1239,45704.28909977064,5030.689263130266,250696436.9630003,77887751.16875333
1240,45000.34043679938,4070.6561346387507,199332162.97546327,77887751.16875333
1241,46039.972259843395,4994.005148792505,252504258.9208819,77887751.16875333
1242,43835.24477033002,3055.464208556967,143579327.47404987,77887751.16875333
1243,48298.624764189764,6128.833236172892,329430476.98919857,77887751.16875333
1244,46931.50276639142,6102.587882155397,310753186.81257874,77887751.16875333
1245,44763.53892784768,4022.534622339602,196141308.0856697,77887751.16875333
1246,42730.49365705682,2081.305857194317,89091996.13645135,77887751.16875333
1247,44929.454111642655,3995.498918972735,195926797.29305893,77887751.16875333
1248,43549.62071800808,2973.686023109327,139252605.9055422,77887751.16875333
1249,49551.63838013562,6996.0814638382435,380668411.9514585,77887751.16875333
1250,44782.078747772845,4057.2201962159284,199122347.73205754,77887751.16875333
1251,46986.45179989697,6000.4325285466675,327557480.50369,77887751.16875333
1252,46535.33710398747,4930.234909435273,259804933.86243257,77887751.16875333
1253,44952.05498656759,4120.626284129632,201650018.68960595,77887751.16875333
1254,46051.18572735446,4079.698866724215,213588710.94819102,77887751.16875333
1255,43317.16358697174,2878.419401277179,134073997.77540132,77887751.16875333
1256,45731.91689031758,4917.335961041662,249362464.33540377,77887751.16875333
1257,44767.80327008632,4023.474437523079,199677323.83921963,77887751.16875333
1258,44902.63560303293,4111.750918372772,200595267.78054532,77887751.16875333
1259,45938.96753558576,5034.3356140654105,252595861.82967797,77887751.16875333
1260,46670.964666160566,5814.592843866385,297599095.265579,77887751.16875333
1261,43697.1078437545,3026.9976659706185,141727138.09635547,77887751.16875333
1262,43571.932916606704,3049.2438544699544,142573331.2052001,77887751.16875333
1263,46031.23767248895,5099.904015735863,257439447.03052983,77887751.16875333
1264,43511.43215119316,2999.0778614937235,139584341.5708938,77887751.16875333
1265,43491.647388919264,2963.5336939380577,138306824.56478998,77887751.16875333
1266,43692.51448099014,3003.5288521607463,140477998.68048763,77887751.16875333
1267,43788.573236942444,3060.553995183437,143810496.30640572,77887751.16875333
1268,49223.92968758988,6910.292624386648,373823508.40172184,77887751.16875333
1269,45821.944321537805,4044.324022195348,211013764.12194636,77887751.16875333
1270,45918.32121083747,3126.18839853431,172552540.12339818,77887751.16875333
1271,46803.31785380655,5013.3233332728905,266212180.92613333,77887751.16875333
1272,47274.01598800607,6088.465512593493,313012292.58247936,77887751.16875333
1273,44499.83563712112,3919.8443627544666,210840164.7141414,77887751.16875333
1274,44937.597967439535,4043.83521962797,200634099.71389434,77887751.16875333
1275,42386.59835150295,1950.5157614950647,82670895.12962171,77887751.16875333
1276,46852.086642956725,5912.600190479487,303235912.2743718,77887751.16875333
1277,45851.79177145734,5143.228532892704,257582611.46351093,77887751.16875333
1278,46567.21198242483,5852.894503823054,317986643.9903932,77887751.16875333
1279,43687.57927095512,3116.2988918438396,146092441.64724785,77887751.16875333
1280,47018.97333641698,5039.5901754306715,266766697.44358283,77887751.16875333
1281,46640.9830529749,5887.8363557044195,318211797.9881848,77887751.16875333
1282,42604.49103416913,2103.9488933497623,89818682.49458762,77887751.16875333
1283,42827.472275742315,2063.760494203513,88536438.45230979,77887751.16875333
1284,44242.815261567084,3254.8703221572264,153289840.14993823,77887751.16875333
1285,44795.877367519905,4016.6009110332197,197033211.5568779,77887751.16875333
1286,44002.55117205113,3140.354603684789,147063562.8862656,77887751.16875333
1287,45757.7975143394,3040.548174243541,167302277.75420016,77887751.16875333
1288,43760.57257474513,3056.2900107461364,142606748.63598555,77887751.16875333
1289,43932.2617042692,3052.4980730461316,143401601.08001584,77887751.16875333
1290,44538.27134778272,3030.106772120678,154260654.44887033,77887751.16875333
1291,48924.36353558435,5935.700000872261,368772345.6501147,77887751.16875333
1292,44862.156131577554,4016.450634163498,198637251.99497953,77887751.16875333
1293,50010.85584638623,6967.293698910471,416187913.29731554,77887751.16875333
1294,47033.396455790695,5920.306143659192,306691797.98766375,77887751.16875333
1295,43481.27169179738,2962.815200981107,138363428.64069095,77887751.16875333
1296,46221.04288155311,5078.434116717393,257431592.52539435,77887751.16875333
1297,42542.7352423838,2004.8288436461473,85451825.3919675,77887751.16875333
1298,44661.60024119576,3931.2035871107864,212148753.10910645,77887751.16875333
1299,44510.15594295446,2909.9385858593996,149968422.67696244,77887751.16875333
1300,43791.562137796594,3009.6026220710905,141673136.73720863,77887751.16875333
1301,45753.51584767483,4745.4157684739375,239347370.4975091,77887751.16875333
1302,42713.492463245304,2107.2830930645987,90073593.11014926,77887751.16875333
1303,42613.29804827308,1955.2492043058642,83418971.19823222,77887751.16875333
1304,43856.48556346375,3090.6089497250036,144704003.85925215,77887751.16875333
1305,45720.79359552483,3941.709994735526,207395310.20015293,77887751.16875333
1306,46927.412377180706,5063.0250929646345,268603349.922149,77887751.16875333
1307,44722.4455506692,2961.9412164822634,151525635.67255226,77887751.16875333
1308,43678.09836146691,2975.130442446411,140664000.40108636,77887751.16875333
1309,44778.125213683394,3910.3960563001465,194401571.26306164,77887751.16875333
1310,46018.4790932923,4206.377776735042,219451141.2051372,77887751.16875333
1311,46126.77193150768,4131.561131118327,218030741.01418367,77887751.16875333
1312,45870.487927189715,4921.465360089577,247906416.30266523,77887751.16875333
1313,44752.75847169441,4012.7677431236307,197781468.35733843,77887751.16875333
1314,44799.11604463936,3961.1235602230763,194719747.9408233,77696510.41184105
1315,49997.701923996334,8953.197238068127,492921736.9584904,77696510.41184105
1316,45965.66114398486,5151.505139262485,258996733.3989212,77696510.41184105
1317,43566.00187244349,3074.004981481893,142990310.12697726,77696510.41184105
1318,48929.14004039388,6007.76434400471,332661256.3336472,77696510.41184105
1319,45060.10208772267,4124.862264138738,202346237.8048554,77696510.41184105
1320,44872.467815997676,4010.14840186492,200610498.2426753,77696510.41184105
1321,44608.6033258869,4023.863104670113,195743382.41567835,77696510.41184105
1322,43585.734824905696,3031.8892746732845,142907590.77612045,77696510.41184105
1323,47773.914922879965,5998.715501881079,337865179.2616651,77696510.41184105
1324,45724.78863372905,4138.956919125185,214012396.57920548,77696510.41184105
1325,43641.343026463044,3061.055937091238,142525020.2812027,77696510.41184105
1326,42534.29294171331,2042.4553439002761,86967839.55719042,77696510.41184105
1327,45132.55145911035,4132.578096355082,204835731.109767,77696510.41184105
1328,45708.21691846653,5104.521043752706,256708956.38249388,77696510.41184105
1329,42501.2393017732,2082.8741381102964,88686854.32357726,77696510.41184105
1330,43318.01092945066,2895.767803902044,134701944.63118738,77696510.41184105
1331,48045.51726418703,6132.434381440074,326669170.81182325,77696510.41184105
1332,44557.979108264946,4081.933562901754,197489401.75498423,77696510.41184105
1333,44670.892789030964,3937.920170844956,193832567.8975473,77696510.41184105
1334,45739.137102217624,4079.342473648,212649423.7142704,77696510.41184105
1335,44759.29504516893,4127.412803549083,201998140.81570095,77696510.41184105
1336,45927.60227420857,4061.3170808872537,212620499.60894698,77696510.41184105
1337,42571.3667638957,2148.7598597748215,91555539.37508807,77696510.41184105
1338,46525.943427347906,5975.339375385471,305636155.1750368,77696510.41184105
1339,46781.549590165676,6002.3741161009875,305493571.53777516,77696510.41184105
1340,45526.34062002349,5055.9518919434395,252295601.38898364,77696510.41184105
1341,47888.282925764244,5236.33396745251,289330420.76041013,77696510.41184105
1342,44675.28045870922,3996.777712609498,195310188.67384726,77696510.41184105
1343,44462.353306854915,4003.8883895696463,196424702.53892884,77696510.41184105
1344,44717.7132927355,3061.65352182869,156312039.89535803,77696510.41184105
1345,42466.8637370451,1958.492953264988,83279627.76500723,77696510.41184105
1346,45709.629240064416,5064.130486992423,253447593.8320542,77696510.41184105
1347,45578.45896746825,4971.905309912633,248707373.89069113,77696510.41184105
1348,48945.33500979075,6036.849801681914,334478654.78879917,77696510.41184105
1349,43548.8703007641,3021.3905041923076,141240543.93280426,77696510.41184105
1350,44553.803319290266,2980.222801338191,151765144.576268,77696510.41184105
1351,42406.01018175854,2054.657934986347,87282530.51893082,77696510.41184105
1352,43844.53502027331,3092.0667776109563,144876618.5248814,77696510.41184105
1353,45621.8280545569,4945.925828900979,247955208.32157236,77696510.41184105
1354,45701.47046457405,4038.54228000757,212251600.24788806,77696510.41184105
1355,44790.2437183189,4147.944523634654,220308547.3954324,77696510.41184105
1356,44742.14173046858,4054.419828713931,200758435.28496557,77696510.41184105
1357,44458.94643214629,3994.1412768363343,195123497.21298206,77696510.41184105
1358,43577.845456139476,2982.71445636513,140654198.43056908,77696510.41184105
1359,44569.365269401926,3892.3339414774127,189856569.09547487,77696510.41184105
1360,45966.43906571472,5172.351886733396,262179305.7294879,77696510.41184105
1361,42487.7354073653,2043.342114796042,86944593.1621976,77696510.41184105
1362,42394.76787955953,2153.565538851897,91433218.85658178,77696510.41184105
1363,43607.60003110809,3046.508322175079,141547944.06671494,77696510.41184105
1364,47940.68950886738,6982.170903165536,382435751.1747588,77696510.41184105
1365,49060.9499381226,6863.109899310129,371609696.3754932,77696510.41184105
1366,44677.129968268295,3127.3160162327576,158276224.4835766,77696510.41184105
1367,47067.16931081959,5249.573884279838,277269369.1886226,77696510.41184105
1368,43758.17666421619,2988.9282140058,141184860.47668618,77696510.41184105
1369,42427.636983051336,1962.2690268774124,83330475.9853299,77696510.41184105
1370,44888.32317636414,4103.027882289649,200797348.7969104,77696510.41184105
1371,44571.30831107014,3991.7257168312776,194608383.35663348,77696510.41184105
1372,48997.978656919804,6955.252385371449,374470465.0651337,77696510.41184105
1373,43797.55360795151,3146.607977304783,147260967.71113837,77696510.41184105
1374,45624.02632849151,5014.875407444871,252984360.91522437,77696510.41184105
1375,45747.35225181326,4981.503950322531,249388138.05733767,77696510.41184105
1376,42648.413060273175,2066.453243834322,88305266.65039127,77696510.41184105
1377,42404.76876413406,2021.0889738162864,85776966.18691052,77696510.41184105
1378,45691.75780507413,5023.463997121556,251098272.2130867,77696510.41184105
1379,44591.26065687852,4083.136392035066,199090465.25397092,77696510.41184105
1380,45599.01261543059,5047.164206984028,253399166.21142873,77696510.41184105
1381,43380.18983946509,3193.9878953568377,147935222.63442713,77696510.41184105
1382,45320.31058143275,3857.7264875733454,230863455.74666756,77696510.41184105
1383,44609.57598169988,3098.6865457238364,158616867.75214264,77696510.41184105
1384,43605.29591623805,3051.5650515165094,142578133.55170825,77696510.41184105
1385,44945.93257277574,4001.0881174510214,196202153.35100535,77696510.41184105
1386,47817.77399176745,6905.5512028894955,357203814.5488682,77696510.41184105
1387,49036.21271001459,5024.279964115885,295403678.4164201,77696510.41184105
1388,43463.64225009976,2932.1895713358012,138399969.25154388,77696510.41184105
1389,44141.91321899039,3139.6917972174488,147284639.9429719,77696510.41184105
1390,49021.730167761234,5967.562398926332,332376882.10611063,77696510.41184105
1391,45901.71671632657,4025.382123509918,209148496.65675265,77696510.41184105
1392,47625.55950441187,5009.109959572497,277162025.66943336,77696510.41184105
1393,42680.00155151785,2090.941224153838,89440422.37358981,77696510.41184105
1394,46914.59221637792,5932.386715199353,324662948.72202504,77696510.41184105
1395,46773.683058512324,5947.056092547382,327098903.20901924,77696510.41184105
1396,44601.709232656794,3954.1581072554654,193049803.2206349,77696510.41184105
1397,43572.26334518444,2975.55555292553,138954972.37114376,77696510.41184105
1398,43466.37422256943,3080.150128845481,143307509.18944865,77696510.41184105
1399,44033.6027907419,3045.6579045781027,144412549.48566437,77696510.41184105
1400,44688.93228192298,4052.8231468114254,197578325.61849824,77696510.41184105
1401,46688.084231288485,5965.613665754232,305142184.56022716,77696510.41184105
1402,43559.73766926328,3041.6357962039256,142714927.4490802,77696510.41184105
1403,46831.45712769222,6112.9681338255305,312271460.29256576,77696510.41184105
1404,43803.12104091454,3065.255119719208,144072739.15111098,77696510.41184105
1405,45693.30233998362,4084.443263095708,215112468.541186,77696510.41184105
1406,46919.9482704925,6132.244577853116,312843131.32858723,77696510.41184105
1407,45705.23930804835,3944.509655661185,207438108.0475901,77696510.41184105
1408,43578.24195877234,3151.444054818784,146682615.9194508,77696510.41184105
1409,44545.23970522861,4011.0650205543775,195526510.42117482,77696510.41184105
1410,43616.07852536738,2992.119624947168,139449138.2269634,77696510.41184105
1411,42424.410041208415,1986.3511652932448,84395279.46875066,77696510.41184105
1412,43640.53925884531,3132.1662123677916,146533677.36214402,77696510.41184105
1413,42519.631880925546,2030.3789431101825,86453190.5078559,77696510.41184105
1414,43585.95149882415,2992.694184560266,140116069.8239451,77696510.41184105
1415,46850.04190090539,5131.430593583047,268716307.1479003,77696510.41184105
1416,45760.36199916544,5061.297588096203,252933382.33009982,77696510.41184105
1417,42390.33075356537,1970.8329379476752,83614314.5859547,77696510.41184105
1418,44392.98569153259,3948.341549930391,191971005.2320549,77696510.41184105
1419,45751.28503360489,4994.98475193113,249640004.20515743,77696510.41184105
1420,46716.49960580807,5141.54723804681,271129073.6617031,77696510.41184105
1421,45458.68614994645,4967.33851028816,250138301.0487841,77696510.41184105
1422,42283.98217366204,1957.7026383196994,82847890.58325379,77696510.41184105
1423,46979.014820532684,5040.668975335303,267270764.2931572,77696510.41184105
1424,43772.14956469143,3140.5176499165264,146891941.55533603,77696510.41184105
1425,42379.61847836693,1859.9079957797337,78828153.89491157,77696510.41184105
1426,45514.753954340835,4848.430324079802,243759242.42628723,77696510.41184105
1427,43571.585421988646,3029.0011652775775,141469147.2341619,77696510.41184105
1428,43498.571482050305,2995.096704413667,139787382.34618485,77696510.41184105
1429,43647.49917894134,2998.5213658658454,142162559.1679228,77633030.48429734
1430,46043.418174647006,5180.530746227175,264107932.81814027,77633030.48429734
1431,42577.91014867087,1946.4802506495457,83035776.83076772,77633030.48429734
1432,44464.39306417521,3948.873821422711,191938259.27906775,77633030.48429734
1433,43990.72787568969,3092.2654283328297,145139175.61781648,77633030.48429734
1434,45725.453691289775,4013.4886467233955,207784224.64154458,77633030.48429734
1435,44758.02966984505,4028.307418772981,198342976.51697892,77633030.48429732
1436,46668.823615668385,4945.7772668175285,278849320.9089022,77633030.48429732
1437,45394.772573850634,3858.0798527627207,200264168.6040998,77633030.48429732
1438,43780.34560683371,3125.3950627658346,146002256.6158052,77633030.48429732
1439,44832.57063237378,4001.86048540263,196305425.41395408,77633030.48429732
1440,45473.08054057471,5013.267623870984,250094288.60698175,77633030.48429732
1441,43449.55017842918,3001.9084929372466,139871714.89815706,77633030.48429732
1442,45938.88286742246,5047.406045592121,252778614.93639866,77633030.48429732
1443,43712.55003146717,3081.0088821530358,144893352.45486555,77633030.48429732
1444,42275.373353241135,1955.9976453453914,82737263.06892085,77633030.48429732
1445,47798.10152120806,6016.756022681053,322280755.1163299,77633030.48429732
1446,44460.49331358622,3940.4251014628753,193320858.67625636,77633030.48429732
1447,43568.07249279582,3108.5692675348773,144378008.26645654,77633030.48429732
1448,45434.75165841257,4902.582418932871,266806229.12452692,77633030.48429732
1449,47820.15593475026,5994.143360310099,318919847.8674556,77633030.48429732
1450,43291.4664134148,2909.2178933699447,135416788.7430583,77633030.48429732
1451,44769.03439150401,3074.581978088838,157423516.78151882,77633030.48429732
1452,42884.1077093829,2171.0771393287614,93340921.76237166,77633030.48429732
1453,45892.510513376925,4193.1696819133485,218162405.35561714,77633030.48429732
1454,45905.510054103856,3953.9395886051598,206572184.01712808,77633030.48429732
1455,44757.44514150762,4103.091922635029,201167158.72292718,77633030.48429732
1456,44471.27439481743,4005.1822434792894,196911551.60118055,77633030.48429732
1457,46764.03680821179,6015.195455170971,308498875.0028385,77633030.48429732
1458,43287.12683215117,2981.487968814942,137422958.88336912,77633030.48429732
1459,43558.53160220188,3003.753030005298,140515709.2804244,77633030.48429732
1460,42371.73748000579,2021.875551627704,85832377.7082688,77633030.48429732
1461,46821.41631929767,5066.356738755487,267732942.17139047,77633030.48429732
1462,44475.79809629136,4011.689853334564,195922355.03928462,77633030.48429732
1463,44450.08997142279,3932.9154970170266,191444729.60124916,77633030.48429732
1464,44769.419680141546,3832.934950372338,189608855.2278235,77633030.48429732
1465,44667.5619467072,4064.7501554706964,197759225.7565278,77633030.48429732
1466,44529.34230276851,4049.8042575111685,197132757.90845194,77633030.48429732
1467,43824.13680477172,3091.2069559509036,143943110.84055194,77633030.48429732
1468,45045.34370593805,4086.9219126111007,200906586.88677096,77633030.48429732
1469,45579.42650113856,4000.852096596079,207921926.93307927,77633030.48429732
1470,44910.76436661945,3995.5493210052614,217897463.41466075,77633030.48429732
1471,42548.93337343763,1958.1749064848063,83449297.44504963,77633030.48429732
1472,44455.15556760582,3012.9653681885748,154598020.86249703,77633030.48429732
1473,42534.26968495326,2004.8990359781878,85424555.93035024,77633030.48429732
1474,42399.75760298867,1968.5254624322345,83567865.57790843,77633030.48429732
1475,46661.17028717976,6049.996519451313,326502175.29306173,77633030.48429732
1476,45555.11418447784,4973.971422584108,248364793.7469843,77633030.48429732
1477,45729.003035784626,5082.486688836503,254236809.56938362,77633030.48429732
1478,43549.329371094136,3038.83799613553,141426465.35481358,77633030.48429732
1479,46828.00713466351,4995.180100231938,264112591.19776267,77633030.48429732
1480,44715.12623340344,2976.560448868746,151842670.3501576,77633030.48429732
1481,43403.62694148719,2983.549481906215,139002933.72252136,77633030.48429732
1482,45128.492128871745,4043.291694060964,200814461.5992454,77633030.48429732
1483,44685.46694368437,3981.1001956235646,195316533.17709365,77633030.48429732
1484,44663.02726295072,4045.5567659628114,196895314.3225146,77633030.48429732
1485,43642.06863562156,3104.725733298662,145236417.59428865,77633030.48429732
1486,44842.13300630614,3920.203416304533,193414349.3715034,77633030.48429732
1487,42624.08384506533,2136.2369003857248,91173388.01298971,77633030.48429732
1488,43672.3191828231,3029.469440027761,141652778.24886632,77633030.48429732
1489,49145.88823684069,6968.653625885772,397408870.9821951,77633030.48429732
1490,45706.967709907214,4882.460696952139,244319498.89797512,77633030.48429732
1491,45525.434551200575,4924.856157192206,249238557.10799903,77633030.48429732
1492,42438.15015458953,2079.590628306646,88405602.38691768,77633030.48429732
1493,44683.563001235656,2925.2335600512524,149752601.32724148,77633030.48429732
1494,44449.19423080956,3829.748177436943,186458815.5002459,77633030.48429732
1495,44450.386862218016,3998.3909756394887,194127183.88765013,77633030.48429732
1496,42321.557187834056,1890.1512366032607,80049419.63886996,77633030.48429732
1497,43714.74054314826,3099.2721770616845,144833152.4789334,77633030.48429732
1498,45589.63162252867,3962.3786268511694,206336839.8098167,77633030.48429732
1499,44331.87250303124,3872.2345663138976,190202568.02601346,77633030.48429732
